DRIVER
  os.environ['SMA_TSO_COSMOS_ELEMAT'] = '1'
  driver.registerSaveRule( UpdateRules.COPY, CheckPoints.ITER_COMPLETE, EventTimes.LAST, [ '*.ste*' ], 'SAVE.ste', '' )
  driver.registerSaveRule( UpdateRules.COPY, CheckPoints.ITER_COMPLETE, EventTimes.LAST, [ '*.lcd*' ], 'SAVE.ste', '' )
  driver.registerSaveRule( UpdateRules.COPY, CheckPoints.ITER_COMPLETE, EventTimes.LAST, [ '*.lcm*' ], 'SAVE.ste', '' )
END_

FEM_INPUT
  ID_NAME = support_at_p8-TopOp_body_1
  FILE = support_at_p8-TopOp body.NOD
END_

*SET_DB,rint,130,1

GROUP_DEF
  ID_NAME = FROZEN_AREA_ELEMS_GRP_1
  TYPE=ELEM
  FORMAT=LIST
  LIST_BEGIN
50,51,54,55,72,290,341,371,373,374,375,381,520,749,750,751,752,753,754,756,758,759,760,761,
762,781,784,786,789,876,877,883,1069,1071,1072,1074,1080,1082,1110,1111,1131,1143,1176,1177,
1178,1179,1180,1235,1240,1242,1243,1244,1245,1268,1271,1293,1294,1297,1298,1503,1616,1677,
1679,1680,1681,1682,1683,1685,1688,1689,1690,1692,1693,1697,1775,1819,1834,1841,1842,1843,
1844,1846,1848,1849,1850,1851,1853,1854,1871,1873,1874,1877,1878,1879,1882,1883,1887,2039,
2046,2048,2049,2051,2052,2386,2388,2390,2391,2392,2394,2395,2397,2398,2403,2405,2406,2407,
2409,2414,2540,2543,2544,2545,2550,2552,2553,2554,2558,2559,2560,2561,2562,2563,2565,2566,
2575,2576,2577,2661,2662,2665,2684,2687,2690,2692,2694,2695,2699,2700,2735,2736,2737,2738,
2740,2741,2744,2747,2749,2750,2754,2807,2808,2810,2812,2860,2862,2865,2867,2869,2872,2981,
2982,2983,2984,2985,3106,3108,3111,3112,3113,3114,3200,3202,3206,3210,3264,3340,3342,3343,
3344,3345,3346,3348,3467,3470,3484,3485,3486,3487,3488,3490,3493,3494,3497,3498,3499,3500,
3571,3572,3618,3740,3741,3749,3750,3751,3753,3754,3756,3757,3773,3774,3775,3776,3778,3779,
3781,3782,3783,3835,3974,3975,3977,3978,3979,3980,3990,3991,3992,3993,3995,3996,3997,4167,
4658,4659,4660,4665,4666,4668,4691,4692,4820,4830,4835,4836,4841,4846,4853,4882,4885,4919,
5066,5067,5068,5069,5140,5144,5145,5146,5147,5148,5151,5152,5179,5180,5181,5183,5185,5186,
5197,5198,5202,5204,5211,5213,5218,5223,5946,5947,5949,5950,5951,5952,6015,6017,6018,6023,
6027,6028,6029,6110,6111,6115,6269,6272,6343,6349,6357,6358,6365,6368,6391,6398,6399,6402,
6412,6417,6420,6421,6422,6423,6459,6461,6462,6468,6470,6472,6474,6476,6478,6480,6481,6509,
6510,6511,6513,6514,6520,6600,6601,6606,6607,6610,6639,6640,6641,6642,6643,6644,6645,6647,
6648,6651,6652,6653,6654,6874,6875,6876,6877,6878,6879,6937,6938,6939,6941,6973,6977,6978,
7012,7014,7017,7023,7028,7030,7031,7033,7066,7071,7073,7075,7081,7086,7107,7118,7120,7251,
7252,7256,7257,7260,7264,7266,7271,7273,7493,7495,7497,7499,7542,7652,7708,7709,7710,7713,
7718,7720,7725,7751,7753,7760,7765,7769,7770,7771,7870,7875,7900,7901,7902,7904,7910,7911,
7913,7914,7958,7962,8248,8249,8250,8251,8252,8253,8254,8255,8256,8259,8260,8267,8269,8276,
8277,8298,8306,8308,8310,8311,8312,8313,8314,8315,8316,8318,8319,8320,8321,8323,8324,8325,
8326,8328,8329,8330,8332,8340,8346,8347,8348,8351,8352,8353,8355,8356,8357,8359,8361,8362,
8457,8459,8460,8461,8462,8463,8464,8510,8536,8564,8580,8611,8612,8615,8795,8979,9039,9043,
9046,9056,9060,9063,9064,9107,9142,9143,9144,9148,9152,9153,9159,9162,9285,9332,9355,9356,
9357,9360,9362,9363,9459,9487,9488,9489,9490,9494,9496,9497,9499,9523,9524,9525,9526,9527,
9530,9683,9684,9685,9687,9691,9723,9776,9820,9821,9840,9843,9844,9847,9848,9849,9852,9853,
10000,10046,10166,10191,10194,10195,10196,10197,10198,10199,10201,10220,10221,10228,10231,
10232,10233,10239,10240,10246,10251,10266,10306,10307,10308,10312,10317,10318,10326,10329,
10330,10331,10332,10333,10334,10335,10338,10339,10340,10341,10344,10345,10346,10348,10350,
10352,10353,10366,10373,10374,10375,10768,10769,10771,10790,10791,10792,10793,10794,10796,
10797,11226,11227,11228,11229,11233,11234,11235,11459,11460,11461,11465,11466,11467,11562,
11563,11564,11567,11568,11569,11570,11587,11592,11593,11594,11595,11596,11597,11599,11603,
11604,11605,11606,11607,11665,11666,11669,11670,11672,11681,11688,11691,11692,12000,12041,
12043,12044,12047,12107,12116,12117,12118,12119,12120,12146,12149,12153,12158,12160,12162,
12165,12189,12205,12242,12250,12304,12306,12343,12402,12418,12460,12470,12471,12472,12473,
12474,12503,12602,12679,12682,12695,12702,12783,12788,12789,12790,12832,12842,12850,13072,
13082,13095,13099,13101,13107,13151,13155,13178,13229,13232,13235,13237,13239,13242,13246,
13247,13248,13258,13268,13326,13327,13328,13371,13384,13386,13388,13390,13411,13431,13432,
13433,13568,13574,13576,13577,13578,13579,13607,13672,13676,13708,13753,13754,13756,13759,
13769,13770,13771,13832,13833,13834,13836,13891,13903,13998,14104,14148,14463,14466,14467,
14468,14469,14470,14484,14495,14499,14501,14502,14503,14517,14525,14564,14566,14608,14610,
14612,14613,14618,14622,14824,14840,14842,14843,14845,14847,14849,14907,15009,15068,15071,
15080,15174,15177,15179,15184,15189,15198,15199,15218,15248,15285,15309,15328,15427,15434,
15436,15437,15439,15441,15442,15443,15480,15641,15705,15707,15723,15787,15816,15817,15821,
15822,15823,15887,15891,15905,15906,15933,15938,15939,15971,15977,15979,16000,16002,16009,
16012,16018,16020,16023,16029,16036,16046,16047,16049,16053,16067,16076,16077,16078,16079,
16084,16086,16091,16093,16094,16095,16099,16106,16108,16111,16115,16116,16118,16120,16121,
16122,16123,16124,16125,16126,16127,16129,16130,16131,16133,16134,16136,16137,16149,16158,
16163,16164,16167,16169,16228,16230,16276,16279,16280,16281,16283,16284,16286,16287,16291,
16292,16293,16294,16295,16296,16298,16329,16333,16335,16336,16337,16338,16340,16342,16345,
16346,16347,16348,16350,16351,16356,16536,16538,16546,16547,16548,16550,16551,16552,16554,
16555,16565,16572,16579,16580,16583,16584,16585,16598,16650,16651,16653,16655,16656,16664,
16665,16666,16668,16670,16672,16675,16677,16681,16682,16687,16740,16746,16854,16859,16860,
16873,16882,16902,16908,16910,16912,16913,16915,16919,16928,16956,17009,17035,17039,17043,
17057,17063,17091,17127,17135,17136,17168,17169,17171,17174,17175,17260,17263,17408,17409,
17410,17411,17484,17485,17486,17489,17492,17493,17495,17534,17556,17559,17560,17699,17711,
17713,17719,17723,17784,17808,17813,17815,17823,17913,17954,17955,17965,17968,17993,18005,
18006,18018,18064,18093,18114,18131,18138,18140,18226,18230,18319,18349,18367,18369,18372,
18376,18456,18461,18487,18562,18564,18565,18567,18568,18570,18574,18576,18586,18628,18631,
18632,18634,18635,18644,18645,18648,18666,18672,18747,18792,18793,18794,18796,18802,18803,
18805,18910,18912,18913,18914,18915,18917,18918,18924,18925,18934,18935,18936,18941,18950,
18961,18984,19006,19018,19021,19031,19033,19058,19065,19067,19069,19072,19080,19085,19090,
19093,19094,19098,19099,19100,19101,19103,19104,19106,19107,19115,19122,19124,19126,19130,
19134,19135,19136,19137,19138,19263,19264,19273,19352,19408,19411,19412,19415,19416,19417,
19418,19420,19421,19423,19424,19429,19430,19432,19437,19441,19443,19553,19554,19555,19556,
19558,19577,19578,19579,19581,19586,19587,19588,19589,19621,19623,19625,19628,19632,19640,
19645,19650,19658,19662,19669,19670,19672,19673,19674,19675,19676,19681,19682,19683,19692,
19693,19696,19698,19699,19701,19702,19714,19715,19720,19721,19836,19839,19844,19845,19846,
19847,19851,19852,19853,19854,19855,19856,19912,19915,19916,19917,19920,19980,19986,19991,
19997,20008,20013,20026,20030,20032,20039,20156,20235,20236,20262,20265,20266,20267,20268,
20269,20270,20271,20272,20273,20275,20276,20278,20279,20282,20283,20287,20290,20293,20296,
20297,20358,20359,20362,20363,20365,20496,20563,20933,20943,21020,21021,21025,21027,21028,
21031,21278,21279,21280,21319,21320,21321,21324,21326,21327,21329,21330,21332,21333,21334,
21563,21568,21571,21572,21574,21580,21738,21739,21740,21742,21744,21745,21841,21842,21843,
21844,21849,21850,22009,22141,22142,22157,22164,22167,22168,22171,22179,22181,22189,22193,
22194,22196,22197,22199,22200,22205,22207,22209,22211,22212,22213,22215,22217,22224,22225,
22229,22231,22240,22241,22243,22244,22248,22259,22266,22267,22268,22273,22275,22278,22280,
22281,22303,22306,22308,22315,22322,22328,22329,22379,22382,22387,22388,22391,22393,22395,
22401,22525,22531,22532,22591,22664,22673,22767,22772,22779,22782,22846,22847,22859,22911,
22912,22913,22914,22915,22988,22990,23002,23003,23007,23029,23032,23033,23034,23035,23037,
23038,23133,23135,23136,23137,23139,23152,23280,23565,23675,23915,23921,23923,23924,23925,
23927,23929,23962,23964,23965,23967,24104,24105,24107,24114,24115,24116,24118,24155,24163,
24165,24166,24168,24206,24209,24211,24212,24213,24215,24216,24217,24220,24277,24280,24281,
24282,24283,24284,24285,24289,24339,24342,24344,24347,24366,24367,24369,24371,24381,24383,
24384,24385,24386,24387,24399,24400,24403,24404,24405,24408,24409,24692,24696,24698,24701,
24705,24706,24707,24708,24709,24710,24713,24986,25133,25134,25235,25237,25238,25241,25242,
25243,25245,25250,25309,25310,25311,25313,25314,25315,25316,25388,25390,25394,25400,25401,
25402,25664,25828,25992,25996,25998,26001,26004,26005,26008,26121,26122,26124,26127,26131,
26232,26233,26237,26240,26443,26444,26448,26450,26456,26547,26548,26552,26553,26554,26557,
26558,26560,26561,26621,26623,26625,26628,26630,26631,26632,27171,27244,27245,27246,27247,
27248,27249,27251,27417,27419,27420,27421,27423,27531,27532,27533,27536,27537,27538,27543,
27642,27644,27645,27648,27653,27811,27822,27823,27827,28313,28572,28575,28579,28586,28588,
28589,28593,28622,28624,28625,28628,28770,28772,28774,28778,28779,28780,28827,28828,28830,
28832,28833,28834,28925,28926,28930,28932,28934,28935,28961,28962,29191,29192,29195,29196,
29197,29199,29285,29329,29331,29333,29335,29337,29354,29355,29356,29359,29361,29365,29420,
29422,29424,29426,29427,29459,29460,29461,29466,29468,29474,29475,29477,29478,29483,29484,
29485,29486,29487,29488,29544,29547,29548,29552,29557,29558,29562,29598,29602,29605,29606,
29607,29609,29645,29649,29650,29653,29661,29662,29667,29669,29670,29673,29690,29692,29693,
29694,29695,29696,29697,29715,29719,29720,29723,29724,29726,29727,29729,29730,29731,29737,
29738,29762,29789,29790,29791,29792,29794,29796,29799,29816,29818,29822,29823,29824,29830,
29831,29833,29836,29838,29840,29841,29842,29849,29850,29883,29884,29889,29890,29891,29894,
29896,29902,29904,29905,29906,29909,29911,29916,29918,29934,29935,29946,29949,29953,29954,
29956,29960,29961,29962,29998,29999,30000,30002,30003,30004,30006,30017,30019,30020,30023,
30024,30025,30026,30356,30359,30361,30434,30440,30502,30546,30849,30851,30853,30854,30858,
31427,31428,31429,31430,31432,31569,31586,31638,31640,31643,31645,31647,31651,31749,31750,
31751,31755,31769,31776,31777,31799,31845,32338,32339,32340,32341,32343,32480,32481,32482,
32483,32485,32486,32488,32490,32565,32568,32570,32680,32688,32691,32692,32697,32829,32887,
32890,32892,33006,33011,33012,33015,33034,33039,33043,33047,33050,33057,33058,33059,33061,
33062,33066,33075,33076,33077,33080,33085,33086,33091,33093,33094,33101,33104,33105,33111,
33114,33116,33119,33121,33127,33128,33129,33130,33131,33135,33137,33138,33142,33144,33150,
33152,33155,33156,33157,33159,33162,33165,33170,33174,33176,33186,33188,33189,33193,33213,
33241,33242,33243,33245,33246,33247,33248,33249,33250,33251,33252,33253,33254,33256,33258,
33259,33261,33263,33265,33266,33269,33270,33272,33281,33283,33284,33285,33289,33291,33292,
33302,33471,33474,33477,33479,33490,33491,33499,33503,33523,33525,33526,33527,33529,33530,
33544,33546,33548,33549,33552,33558,33563,33564,33565,33567,33569,33595,33596,33597,33598,
33604,33605,33610,33611,33615,33618,33619,33620,33647,33651,33654,33655,33658,33663,33666,
33667,33669,33670,33672,33690,33691,33692,33693,33694,33695,33696,33697,33698,33700,33734,
33736,33760,33885,33886,33887,33888,33891,33894,33895,33896,33901,33906,33908,33911,33912,
33914,33915,33916,33917,33938,33980,33981,33985,33995,34003,34183,34184,34185,34189,34191,
34194,34195,34293,34295,34306,34310,34314,34316,34318,34320,34590,34600,35112,35113,35121,
35124,35128,35129,35131,35132,35622,35623,35625,35643,35677,35683,35690,35712,35718,35725,
35726,35730,35735,35744,35748,35853,35863,35896,35897,35898,35900,35939,35940,35943,35945,
35946,35949,35953,35955,35958,35959,35960,35961,35962,35963,35964,35965,35966,35967,35969,
36098,36099,36102,36105,36108,36109,36112,36113,36114,36120,36121,36122,36146,36147,36149,
36150,36151,36152,36153,36155,36157,36158,36159,36160,36161,36162,36163,36164,36165,36166,
36167,36169,36170,36171,36172,36173,36174,36268,36273,36275,36294,36297,36298,36303,36309,
36311,36312,36349,36350,36352,36355,36358,36360,36364,36365,36366,36391,36394,36395,36397,
36398,36400,36405,36406,36407,36481,36484,36487,36488,36489,36543,36544,36573,36574,36575,
36576,36577,36581,36582,36583,36748,36750,36751,36765,36793,36794,36797,36798,36846,36851,
36853,36857,36859,36860,36864,36866,36903,37028,37030,37031,37033,37036,37038,37045,37068,
37069,37070,37071,37073,37077,37079,37095,37101,37102,37134,37136,37139,37142,37144,37146,
37314,37316,37319,37321,37330,37333,37334,37337,37340,37342,37347,37350,37352,37357,37361,
37364,37366,37367,37472,37473,37474,37478,37485,37486,37488,37489,37490,37496,37500,37501,
37510,37566,37569,37572,37574,37575,37576,37577,37578,37606,37608,37612,37613,37618,37623,
37624,37625,37629,37636,37639,37824,37826,37829,37830,37833,37836,37837,37839,37843,37861,
37865,37866,37867,37868,37869,38001,38005,38025,38028,38030,38034,38159,38162,38171,38178,
38186,38187,38195,38198,38199,38200,38212,38215,38221,38222,38224,38226,38227,38228,38229,
38230,38231,38232,38233,38234,38237,38240,38241,38260,38262,38265,38266,38267,38268,38270,
38271,38273,38274,38275,38276,38277,38278,38279,38281,38288,38296,38297,38298,38299,38302,
38303,38304,38305,38306,38308,38309,38311,38312,38313,38315,38317,38318,38321,38322,38323,
38324,38326,38328,38331,38332,38335,38351,38352,38353,38354,38397,38406,38713,38903,38904,
38907,38908,38910,38911,38979,38980,38988,39178,39179,39180,39182,39188,39189,39190,39191,
39192,39349,39351,39352,39361,39362,39364,39366,39430,39431,39433,39434,39435,39444,39448,
39449,39452,39456,39461,39464,39479,39480,39481,39487,39493,39497,39546,39547,39548,39550,
39592,39593,39597,39599,39601,39606,39614,39707,39708,39709,39710,39711,39713,39715,39725,
39784,39785,39789,39796,39798,39807,39809,39811,39913,39916,39921,39923,39925,39926,39978,
39981,39983,39985,39986,40048,40049,40052,40056,40058,40060,40129,40131,40136,40138,40140,
40141,40142,40147,40148,40152,40154,40159,40160,40161,40167,40168,40169,40171,40173,40177,
40180,40182,40354,40364,40365,40366,40410,40415,40440,40441,40442,40443,40444,40445,40501,
40503,40504,40652,40654,40657,40799,41010,41011,41016,41018,41019,41025,41149,41324,41326,
41328,41330,41332,41333,41335,41735,41737,41739,41856,41971,42195,42197,42199,42203,42205,
42208,42210,42212,42213,42216,42233,42236,42238,42240,42243,42244,42245,42608,42650,42651,
42657,42663,42664,42666,43309,43311,43312,43313,43760,43761,43762,43763,43765,44122,44134,
44163,44164,44165,44186,44189,44197,44198,44201,44206,44234,44476,44479,44541,44542,45056,
45059,45235,45510,45597,45600,45602,45604,45608,45609,45614,45617,45655,45656,45662,45663,
45664,45666,45669,45670,45671,45780,45785,45786,45789,45791,46134,46135,46136,46137,46140,
46141,46143,46277,46278,46279,46288,46292,46293,46391,46401,46402,46403,46404,46409,46410,
46416,46420,46421,46422,46423,46425,46458,46464,46466,46471,46472,46475,46482,46483,46484,
46485,46486,46487,46492,46497,46499,46502,46509,46510,46516,46517,46518,46519,46520,46521,
46524,46525,46526,46530,46532,46533,46534,46536,46542,46545,46546,46547,46548,46551,46552,
46554,46555,46559,46561,46563,46565,46566,46567,46568,46569,46570,46571,46572,46573,46574,
46575,46576,46577,46578,46579,46580,46581,46582,46583,46590,46591,46592,46593,46594,46596,
46598,46601,46604,46606,46607,46616,46617,46618,46713,46717,46721,46723,46724,46725,46726,
46728,46731,46733,46741,46745,46747,46754,46765,46804,46812,46813,46815,46839,46845,46850,
46852,46854,46855,46859,46861,46862,46863,46865,46866,46869,46876,46878,46881,46886,46911,
46912,46914,46915,46916,46917,46918,46919,46920,46921,46922,46923,46924,46949,46950,46951,
46952,46953,46956,46957,46958,46959,46960,46962,46963,46964,46967,46968,46969,46987,46988,
46989,46992,46994,46995,46996,46997,47045,47050,47056,47062,47072,47073,47074,47075,47077,
47079,47234,47235,47238,47239,47240,47244,47245,47247,47250,47251,47253,47254,47257,47259,
47260,47262,47265,47266,47270,47283,47301,47302,47303,47323,47326,47355,47358,47363,47371,
47374,47375,47423,47425,47426,47429,47430,47431,47434,47481,47483,47484,47485,47487,47490,
47492,47497,47500,47573,47580,47805,47811,47812,47814,47913,47920,47921,47922,47928,47964,
47994,47999,48001,48005,48006,48007,48010,48012,48014,48015,48017,48021,48024,48032,48033,
48037,48039,48041,48042,48043,48044,48045,48046,48047,48054,48055,48096,48097,48099,48101,
48234,48237,48238,48239,48240,48245,48246,48247,48248,48252,48256,48259,48462,48563,48568,
48569,48575,48576,48591,48592,48593,48594,48595,48599,48601,48603,48608,48612,48614,48615,
48616,48618,48619,48621,48623,48624,48652,48653,48660,48740,48742,48744,48748,48749,48754,
48755,48760,48774,48777,48778,48779,48920,48923,48924,48925,48926,48932,48934,48935,48938,
48947,48948,48950,48951,48952,48953,48969,49056,49060,49064,49065,49068,49071,49072,49074,
49077,49114,49115,49116,49121,49123,49124,49125,49127,49129,49133,49174,49186,49187,49347,
49410,49414,49422,49446,49534,49535,49536,49537,49540,49541,49545,49556,49557,49559,49560,
49561,49565,49570,49571,49572,49573,49575,49576,49702,49703,49704,49720,49721,49723,49727,
49728,49730,49732,49737,49740,49782,49814,49817,49818,49821,49822,49823,49825,49826,49878,
49880,49884,49885,49886,49889,49892,49894,49902,49904,49905,49907,49908,49960,49962,49963,
49965,49966,49991,49992,49997,49998,50041,50044,50045,50051,50052,50057,50059,50278,50279,
50280,50281,50287,50294,50493,50495,50499,50500,50504,50505,50508,50509,50510,50511,50512,
50544,50552,50558,50560,50561,50571,50581,50582,50589,50590,50591,50593,50599,50600,50603,
50604,50605,50607,50608,50609,50610,50612,50613,50614,50615,50616,50619,50621,50622,50626,
50627,50628,50629,50630,50634,50656,50890,50914,50934,50936,50937,50942,51098,51110,51113,
51116,51117,51119,51120,51205,51206,51209,51210,51211,51260,51262,51268,51272,51492,51662,
51665,51666,51667,51668,51670,51683,51685,51784,51787,51788,51795,51796,51797,51877,51878,
51880,51881,51882,51996,52005,52009,52010,52016,52053,52079,52087,52090,52093,52095,52100,
52104,52105,52107,52161,52162,52164,52166,52169,52209,52211,52214,52258,52260,52266,52270,
52271,52276,52280,52486,52489,52490,52491,52492,52493,52593,52678,52701,52705,52706,52707,
52709,52766,52814,52818,52820,52853,52855,52856,52857,52862,52863,52864,52865,52867,52963,
52978,52990,52991,52992,52993,52994,52995,52998,53001,53002,53021,53022,53074,53076,53084,
53085,53086,53094,53107,53148,53184,53186,53187,53188,53190,53194,53246,53247,53251,53254,
53255,53257,53258,53259,53316,53318,53319,53320,53328,53329,53332,53333,53431,53432,53435,
53440,53442,53443,53447,53508,53512,53521,53527,53723,53725,53731,53747,53875,53879,53883,
53885,53887,53890,53891,53894,53898,54607,54610,54612,54693,54694,54696,54699,54703,54863,
54864,54869,54870,54872,54877,54931,54934,54935,54936,54937,55116,55206,55207,55208,55209,
55348,55351,55354,55355,55646,55649,56051,56052,56054,56300,56301,56390,56827,56928,56931,
56935,56936,56938,56940,56941,56946,56947,57100,57112,57122,57123,57124,57128,57134,57135,
57145,57147,57156,57163,57165,57171,57184,57186,57190,57194,57196,57200,57205,57206,57216,
57217,57223,57232,57233,57235,57237,57238,57240,57243,57247,57249,57252,57253,57254,57255,
57256,57258,57259,57263,57264,57265,57268,57271,57273,57274,57276,57278,57281,57282,57285,
57287,57365,57367,57374,57380,57381,57384,57385,57388,57391,57396,57397,57400,57402,57406,
57425,57426,57519,57521,57523,57556,57557,57558,57559,57560,57564,57570,57571,57572,57670,
57676,57679,57722,57723,57724,57728,57740,57742,57744,57745,57746,57747,57748,57749,57750,
57752,57782,57784,57785,57786,57787,57806,57900,57901,57903,57906,57907,57909,57955,57964,
58016,58017,58020,58022,58085,58087,58088,58092,58093,58096,58098,58099,58452,58456,58457,
58460,58461,58464,58466,58747,58753,58754,58756,58757,58760,58833,58864,58865,58871,58872,
58873,58874,58877,58881,58966,58977,59034,59038,59039,59041,59043,59046,59047,59048,59049,
59050,59051,59052,59055,59057,59059,59061,59155,59157,59158,59159,59175,59176,59178,59182,
59183,59196,59199,59200,59283,59291,59293,59296,59299,59300,59301,59303,59326,59327,59328,
59329,59330,59331,59332,59333,59335,59336,59339,59349,59357,59358,59361,59406,59409,59410,
59411,59413,59415,59456,59457,59461,59462,59463,59504,59511,59611,59613,59614,59615,59617,
59621,59623,59652,59653,59656,59659,59660,59663,59664,59665,59668,59670,59905,59912,59913,
59917,59918,59919,59921,59922,59955,59968,60000,60001,60002,60003,60011,60264,60268,60270,
60271,60272,60275,60276,60282,60286,60290,60293,60413,60497,60498,60502,60503,60600,60617,
60631,60647,60666,60675,60803,60822,60824,60825,60826,60827,60830,60831,60832,60833,60834,
60835,60839,60840,60844,60845,60847,60854,60859,60860,60871,60872,60874,60875,60876,60878,
60879,60885,60890,60898,60903,60904,60929,60940,60987,60990,60992,60998,61003,61006,61007,
61009,61015,61017,61018,61022,61053,61056,61060,61063,61133,61149,61190,61302,61325,61381,
61383,61384,61386,61389,61391,61393,61394,61396,61397,61398,61401,61406,61440,61451,61462,
61508,61605,61763,61765,61766,61769,61777,61901,61907,61912,61915,61917,61918,61919,61947,
61950,61955,61959,62047,62102,62105,62148,62231,62252,62253,62254,62256,62258,62411,62412,
62413,62414,62416,62538,62641,62833,62834,62836,62837,62838,62840,62841,62843,62845,62854,
62992,62996,62998,63001,63003,63421,63422,63424,63426,63428,63505,63507,63511,63512,63517,
63771,63772,63773,63775,63860,63861,63862,63863,63864,63866,63882,63884,63886,63913,63946,
64064,64085,64089,64090,64091,64092,64093,64094,64096,64098,64132,64213,64238,64244,64247,
64248,64338,64339,64340,64341,64344,64346,64347,64437,64439,64441,64526,64527,64528,64536,
64537,64753,64758,64762,64913,64921,64982,64983,65034,65211,65271,65313,65314,65318,65328,
65329,65331,65335,65336,65800,66264,66267,66268,66270,66302,66316,66317,66319,66321,66322,
66323,66324,66327,66329,66333,66349,66350,66353,66366,66367,66379,66383,66391,66392,66393,
66394,66395,66399,66402,66403,66404,66405,66408,66409,66416,66417,66422,66423,66424,66427,
66436,66443,66447,66453,66454,66455,66457,66458,66459,66460,66461,66462,66463,66464,66465,
66466,66467,66468,66469,66470,66476,66477,66478,66479,66481,66483,66485,66486,66487,66488,
66489,66491,66492,66494,66496,66498,66500,66509,66530,66532,66646,66650,66653,66655,66656,
66657,66658,66694,66695,66696,66697,66698,66700,66701,66702,66703,66704,66706,66707,66782,
66784,66785,66790,66791,66792,66793,66795,66796,66798,66799,66800,66904,66907,66909,66916,
66917,66918,66919,66941,66942,66943,66945,66946,66947,66948,66949,66950,66951,66955,67009,
67015,67050,67055,67067,67075,67080,67126,67127,67128,67129,67130,67131,67133,67134,67209,
67210,67215,67217,67221,67223,67224,67225,67228,67229,67230,67231,67233,67234,67379,67498,
67500,67501,67630,67777,67796,67807,67808,67810,67815,67816,67817,67818,67984,68029,68040,
68059,68060,68061,68062,68084,68086,68091,68092,68095,68096,68108,68110,68111,68113,68169,
68183,68184,68185,68189,68193,68194,68283,68292,68296,68297,68298,68323,68324,68327,68329,
68330,68342,68343,68344,68345,68347,68348,68350,68351,68352,68353,68354,68355,68356,68357,
68360,68364,68365,68366,68369,68457,68458,68464,68465,68472,68473,68474,68475,68476,68478,
68481,68486,68487,68488,68495,68503,68748,68780,68940,68943,68946,68949,68950,69070,69078,
69079,69083,69084,69349,69431,69432,69434,69438,69439,69440,69445,69448,69451,69452,69453,
69454,69455,69461,69470,69474,69475,69480,69481,69491,69496,69506,69511,69514,69518,69519,
69521,69522,69523,69532,69533,69634,69838,69839,69840,69841,69842,69845,70009,70033,70038,
70039,70040,70157,70160,70196,70386,70390,70391,70396,70428,70444,70445,70448,70451,70452,
70565,70567,71401,71442,71494,71582,71796,71798,71799,71803,72026,72031,72033,72036,72037,
72040,72429,72482,72484,72486,72487,72488,72489,72496,72497,72499,72502,72639,72680,72687,
72847,73130,73133,73134,73135,73136,73137,73138,73139,73159,73162,73185,73218,73226,73241,
73358,73562,73563,73566,73567,73568,73570,73572,73576,73577,73579,73580,73588,73590,73628,
73635,73638,73639,73966,73996,74108,74266,74272,74275,74276,74277,74362,74367,74373,74426,
74460,74473,74475,74476,74477,74479,74480,74484,74498,74500,74512,74517,74518,74526,74529,
74530,74531,74532,74533,74535,74536,74539,74540,74541,74543,74544,74545,74550,74559,74560,
74566,74567,74570,74572,74576,74631,74644,74646,74647,74653,74658,74659,74660,74672,74676,
74679,74687,74689,74692,74696,74698,74700,74701,74757,74758,74763,74764,74767,74768,74770,
74771,74772,74776,74777,74778,74779,74780,74782,74793,74796,74797,74840,74843,74847,74849,
74905,74906,74918,74930,74933,74940,74941,74943,75004,75010,75013,75014,75017,75132,75161,
75328,75353,75356,75357,75359,75363,75365,75432,75851,75852,75854,75856,75857,75984,75996,
75997,75998,76024,76026,76035,76036,76039,76047,76048,76049,76050,76052,76054,76058,76097,
76098,76101,76104,76105,76107,76108,76111,76113,76115,76120,76121,76122,76123,76124,76126,
76131,76136,76184,76185,76188,76189,76518,76524,77063,77067,77075,77076,77078,77079,77082,
77083,77085,77086,77090,77093,77094,77096,77110,77111,77113,77114,77119,77120,77123,77124,
77125,77134,77141,77154,77156,77159,77258,77259,77260,77262,77263,77264,77266,77267,77268,
77269,77274,77275,77278,77280,77457,77459,77461,77462,77483,77484,77485,77486,77487,77489,
77490,77491,77493,77498,77503,77504,77507,77509,77510,77627,77629,77630,77633,77634,77635,
77636,77640,77644,77645,77648,77651,77653,77672,77674,77677,77678,77682,77685,77686,77687,
77791,77795,77798,77799,77800,77801,77804,78133,78134,78136,78138,78139,78141,78307,78325,
78327,78503,78504,78507,78517,78521,78765,78851,78871,79222,79224,80204,80393,80401,80565,
80566,80567,80569,80570,80575,80758,80759,80764,80766,80768,80839,80849,80866,80885,80887,
80890,80896,80897,80898,80899,80911,81282,81283,81284,81289,81293,81308,81324,81338,81339,
81340,81341,81347,81361,81363,81364,81366,81367,81371,81372,81384,81401,81404,81405,81407,
81408,81409,81410,81412,81413,81414,81415,81417,81420,81428,81460,81465,81466,81475,81480,
81543,81544,81545,81568,81571,81572,81573,81574,81576,81582,81587,81592,81597,81695,81778,
81779,81780,81781,81784,81785,81786,81787,81791,81792,81795,81797,81798,81810,82157,82505,
82507,82508,82509,82511,82513,82517,82518,82526,82527,82528,82534,82535,82536,82539,82597,
82598,82600,82686,82687,82688,82689,82692,82693,82694,82695,82696,82697,82700,82701,82703,
82704,82714,82716,82717,82718,82719,82722,82725,82726,82737,82741,82747,82795,82800,82817,
82850,82854,82855,82862,82866,82870,82874,82975,82976,82977,82985,82989,82992,83142,83281,
83282,83290,83291,83293,83296,83298,83299,83598,83617,83652,83654,83655,83657,83660,83661,
83663,83664,83666,83668,83669,83672,83691,83692,83694,83697,83700,83701,83703,83704,83706,
83707,83915,83964,84002,84003,84005,84006,84008,84010,84011,84013,84222,84715,84721,84730,
84826,84938,84941,84943,84946,84949,84950,84955,84959,84960,84961,85000,85008,85010,85011,
85016,85017,85020,85022,85044,85045,85398,85400,85435,85630,85632,85637,85641,85665,85667,
85672,85918,85967,85968,85974,86164,86165,86170,86171,86172,86174,86179,86181,86182,86222,
86223,86232,86233,86239,86241,86242,86413,86425,86446,86447,86460,86488,86495,86639,86640,
86641,86643,86645,86646,86929,86972,86974,86977,87031,87032,87034,87035,87036,87038,87039,
87040,87041,87396,87495,87502,87507,87508,87515,87526,87531,87533,87534,87535,87537,87539,
87540,87542,87546,87547,87548,87552,87563,87601,87602,87603,87609,87610,87623,87624,87662,
87663,87664,87665,87672,87686,87706,87707,87749,87750,87751,87755,87756,87757,87758,87760,
87762,87763,87764,87807,87812,87816,87819,87850,87852,87855,87856,87929,88011,88012,88016,
88017,88018,88020,88021,88093,88134,88161,88190,88236,88303,88304,88308,88309,88310,88331,
88352,88383,88384,88385,88387,88391,88414,88445,88453,88479,88499,88663,88664,88666,88667,
88668,88669,88670,88673,88676,88677,88678,88679,88680,88744,88746,88782,88800,88802,88804,
88805,88808,88810,88843,88865,88866,88867,88868,88869,88870,88873,89017,89024,89050,89052,
89054,89068,89071,89072,89076,89078,89124,89126,89127,89128,89129,89131,89132,89133,89135,
89177,89317,89321,89324,89325,89326,89330,89331,89332,89347,89348,89369,89373,89381,89431,
89450,89458,89519,89533,89567,89585,89586,89603,89650,89709,89714,89718,89719,89720,89722,
89723,89724,89725,89726,89728,89729,89734,89736,89737,89738,89740,89745,89746,89747,89748,
89751,89752,89753,89755,89762,89763,89764,89765,89847,89871,89933,89943,89983,89986,89988,
89996,90077,90083,90110,90112,90121,90126,90134,90136,90137,90138,90177,90185,90257,90318,
90333,90397,90449,90574,90586,90617,90630,90636,90637,90645,90656,90658,90659,90662,90666,
90678,90679,90796,90805,90854,90868,90935,90937,90943,90944,90945,91476,91561,91564,91745,
91746,91747,91748,91749,91750,91805,91807,91914,91915,91919,92020,92022,92105,92106,92108,
92109,92111,92125,92133,92139,92598,92824,92878,92885,92886,92887,92888,92889,92890,92908,
92970,92974,92986,92989,92997,92998,93018,93020,93021,93022,93025,93026,93027,93031,93033,
93036,93037,93102,93103,93104,93128,93132,93134,93136,93151,93152,93156,93157,93158,93160,
93161,93162,93236,93237,93238,93292,93294,93295,93312,93314,93409,93445,93448,93858,93866,
93873,93914,93915,93916,93918,93919,93921,93988,93990,93991,93995,93996,93998,94022,94023,
94024,94025,94064,94065,94066,94071,94072,94073,94099,94100,94104,94162,94177,94196,94255,
94256,94263,94264,94265,94279,94326,94439,94470,94505,94509,94514,94516,94521,94524,94526,
94527,94529,94659,94660,94663,94666,94667,94671,94672,94673,94675,94679,94685,94686,94687,
94707,94715,94716,94719,94720,94723,94724,94740,94741,94771,94776,94778,94786,94787,94838,
94899,94900,94901,94902,94903,94907,94908,94911,94912,94914,94960,95084,95086,95087,95505,
95507,95508,95509,95523,95529,95531,95573,95577,95587,95700,95741,95746,95749,95760,95832,
95834,95838,95839,95840,95841,95843,95844,96210,96301,96353,96569,96580,96581,96584,96585,
96624,96863,96870,96955,96964,96979,96981,97035,97036,97054,97055,97056,97058,97121,97122,
97124,97147,97151,97152,97153,97154,97157,97159,97160,97161,97162,97163,97178,97208,97363,
97364,97365,97366,97367,97369,97372,97373,97376,97492,97689,97691,97885,97923,97925,97928,
97929,97930,97939,97976,97977,97978,97979,97980,97981,97982,97984,97986,97987,97988,97989,
97991,97992,97993,97994,97997,97998,97999,98002,98005,98008,98010,98011,98013,98014,98017,
98018,98019,98022,98024,98027,98029,98030,98036,98037,98042,98043,98044,98046,98048,98052,
98058,98074,98075,98120,98122,98126,98148,98259,98263,98264,98278,98282,98283,98284,98290,
98321,98345,98379,98395,98404,98405,98406,98408,98411,98418,98419,98420,98424,98425,98426,
98598,98602,98606,98761,98764,98765,98766,98768,98771,98778,98779,98794,98795,98801,98802,
98803,98810,98813,98814,98817,98818,98820,99000,99001,99002,99003,99005,99007,99027,99076,
99222,99247,99272,99273,99297,99498,99555,99556,99557,99564,99565,99566,99567,99570,99571,
99572,99580,99588,99589,99591,99592,99618,99619,99621,99623,99625,99627,99628,99629,99630,
99694,99706,99846,99847,99848,99849,99850,99907,99908,99910,99912,99913,99915,99916,99917,
99941,99947,99980,99982,99983,99985,99987,99997,99998,100002,100003,100187,100193,100194,100479,
100750,100869,100875,101280,101454,101550,101551
END_

GROUP_DEF
  ID_NAME = FROZEN_AREA_ELEMS_GRP_2
  TYPE=ELEM
  FORMAT=LIST
  LIST_BEGIN
45,46,47,48,49,50,51,52,53,54,55,56,57,59,60,72,271,325,328,331,332,353,436,493,520,595,596,
597,598,632,636,637,639,717,718,720,749,750,752,758,759,760,761,762,781,784,786,789,874,875,
877,881,883,1023,1025,1027,1029,1035,1036,1040,1041,1069,1080,1082,1103,1105,1106,1107,1108,
1110,1111,1113,1118,1119,1121,1122,1131,1146,1176,1177,1178,1179,1180,1201,1203,1204,1205,
1206,1207,1208,1209,1232,1234,1235,1236,1238,1240,1242,1243,1244,1245,1268,1271,1297,1354,
1355,1357,1358,1503,1616,1677,1679,1682,1683,1685,1688,1689,1690,1692,1693,1697,1750,1775,
1834,1841,1842,1843,1844,1846,1848,1849,1850,1851,1871,1873,1874,1877,1878,1879,1882,1883,
1887,1957,2014,2015,2023,2024,2025,2026,2027,2039,2046,2048,2049,2051,2052,2091,2273,2274,
2279,2280,2306,2307,2309,2386,2388,2390,2391,2392,2394,2395,2397,2398,2403,2405,2406,2407,
2409,2414,2471,2510,2511,2512,2514,2550,2552,2553,2554,2558,2559,2560,2561,2562,2563,2565,
2566,2575,2576,2577,2586,2661,2662,2665,2677,2687,2688,2690,2692,2694,2695,2699,2700,2736,
2747,2754,2787,2788,2860,2862,2865,2867,2869,2872,2899,2901,2903,2907,2981,2982,2983,2984,
2985,3106,3108,3111,3112,3113,3114,3200,3202,3206,3210,3277,3339,3340,3342,3343,3344,3345,
3346,3347,3348,3349,3350,3351,3353,3354,3355,3356,3357,3358,3393,3401,3402,3403,3406,3451,
3470,3484,3485,3486,3487,3490,3493,3497,3498,3499,3500,3531,3532,3535,3536,3563,3567,3571,
3618,3707,3708,3711,3712,3714,3716,3741,3743,3744,3754,3756,3757,3773,3774,3775,3776,3778,
3779,3781,3782,3783,3800,3801,3802,3804,3806,3812,3813,3974,3979,3990,3991,3992,3993,3995,
3996,3997,4167,4244,4248,4254,4255,4257,4258,4438,4440,4441,4442,4449,4451,4457,4537,4538,
4539,4540,4658,4659,4660,4665,4666,4668,4673,4687,4688,4689,4690,4691,4692,4693,4694,4695,
4696,4700,4761,4764,4769,4820,4830,4831,4833,4835,4836,4841,4846,4853,4873,4874,4875,4881,
4882,4885,4887,4936,4937,4938,5031,5078,5084,5086,5087,5088,5140,5144,5145,5147,5148,5151,
5152,5185,5566,5567,5569,5571,5572,5574,5579,5585,5587,5588,5594,5596,5692,5699,5703,5704,
5709,5946,5947,5949,5950,5951,5952,6015,6017,6018,6023,6027,6028,6029,6050,6054,6055,6057,
6061,6062,6064,6109,6110,6111,6113,6115,6116,6130,6132,6134,6138,6190,6191,6192,6193,6211,
6212,6213,6269,6272,6279,6280,6326,6329,6330,6332,6337,6338,6339,6340,6342,6346,6348,6350,
6351,6354,6355,6356,6365,6368,6402,6412,6417,6420,6421,6423,6509,6510,6511,6513,6514,6520,
6534,6535,6537,6538,6572,6579,6581,6582,6583,6584,6600,6601,6606,6607,6610,6639,6641,6642,
6643,6644,6645,6782,6784,6786,6799,6800,6871,6874,6875,6876,6877,6878,6879,6911,6916,6917,
6937,6938,6939,6941,6973,6977,6978,6981,6982,6983,6984,6988,6989,6994,7017,7033,7071,7073,
7086,7106,7107,7112,7115,7118,7120,7251,7252,7256,7257,7260,7264,7266,7271,7273,7375,7378,
7385,7394,7491,7492,7493,7495,7496,7497,7498,7499,7508,7513,7514,7538,7541,7542,7543,7547,
7553,7554,7628,7652,7708,7709,7710,7713,7727,7728,7735,7736,7739,7741,7742,7751,7753,7760,
7765,7769,7770,7771,7840,7842,7845,7857,7858,7859,7901,7902,7904,7910,7911,7913,7914,8052,
8058,8061,8063,8065,8089,8091,8104,8106,8149,8209,8215,8217,8220,8224,8225,8228,8229,8248,
8249,8253,8254,8256,8259,8260,8266,8267,8268,8269,8270,8271,8272,8273,8274,8275,8279,8283,
8298,8306,8308,8310,8311,8312,8313,8314,8315,8316,8320,8321,8326,8328,8329,8330,8340,8347,
8348,8351,8352,8353,8355,8356,8359,8361,8362,8457,8459,8460,8461,8462,8463,8464,8500,8506,
8510,8536,8564,8638,8640,8643,8651,8654,8770,8782,8795,8803,8830,8831,8833,9000,9006,9007,
9011,9017,9046,9063,9083,9084,9085,9089,9091,9094,9098,9100,9107,9113,9116,9119,9122,9142,
9143,9144,9148,9152,9153,9159,9162,9332,9334,9355,9356,9357,9360,9362,9363,9413,9414,9415,
9420,9421,9424,9425,9426,9428,9429,9439,9440,9441,9442,9444,9454,9455,9457,9458,9459,9460,
9462,9463,9465,9466,9467,9487,9488,9489,9490,9494,9496,9497,9499,9523,9524,9525,9526,9527,
9530,9557,9558,9562,9565,9567,9568,9573,9610,9612,9614,9615,9628,9632,9666,9674,9675,9676,
9679,9682,9684,9686,9690,9723,9724,9735,9736,9750,9752,9753,9760,9763,9764,9776,9815,9820,
9821,9822,9840,9841,9843,9844,9992,10054,10068,10096,10098,10162,10163,10164,10166,10182,10185,
10186,10187,10188,10191,10193,10195,10196,10197,10198,10199,10201,10220,10221,10222,10223,
10224,10228,10231,10234,10240,10246,10251,10266,10295,10306,10307,10308,10309,10312,10317,
10318,10326,10329,10333,10337,10340,10341,10344,10345,10346,10347,10348,10350,10354,10405,
10406,10407,10408,10409,10410,10418,10419,10420,10421,10422,10423,10604,10695,10740,10741,
10742,10744,10746,10747,10768,10769,10770,10771,10793,10880,10882,10885,10886,10887,10889,
10897,10898,10900,10979,10980,10982,10988,11089,11104,11106,11109,11110,11116,11117,11192,
11198,11199,11200,11226,11227,11228,11229,11233,11234,11235,11320,11346,11349,11350,11354,
11355,11356,11359,11360,11459,11460,11461,11465,11466,11467,11563,11564,11587,11592,11593,
11594,11595,11596,11597,11599,11603,11604,11605,11606,11607,11608,11609,11610,11611,11665,
11666,11669,11670,11672,11674,11675,11677,11681,11685,11688,11690,11691,11692,11693,11708,
11719,11989,11991,11994,11995,11997,11999,12000,12001,12002,12003,12010,12013,12038,12044,
12046,12050,12051,12052,12054,12055,12056,12058,12063,12065,12107,12116,12118,12119,12120,
12146,12149,12153,12158,12162,12165,12189,12204,12205,12208,12238,12245,12250,12253,12323,
12326,12327,12332,12336,12343,12359,12360,12386,12390,12402,12406,12418,12424,12458,12460,
12467,12470,12471,12472,12473,12474,12498,12501,12502,12503,12504,12517,12519,12522,12528,
12529,12530,12549,12563,12567,12602,12611,12628,12633,12635,12637,12638,12654,12667,12668,
12669,12672,12681,12682,12685,12742,12781,12783,12786,12789,12790,12792,12803,12805,12806,
12807,12809,12832,12842,12850,12920,12936,12959,13071,13082,13095,13099,13101,13124,13131,
13146,13150,13151,13154,13155,13156,13158,13159,13165,13166,13175,13177,13179,13207,13214,
13232,13235,13237,13239,13242,13246,13247,13248,13258,13260,13264,13268,13323,13324,13326,
13327,13328,13329,13358,13371,13372,13375,13386,13388,13390,13406,13411,13414,13431,13432,
13433,13435,13437,13461,13494,13519,13541,13561,13566,13584,13667,13672,13708,13748,13750,
13751,13752,13753,13754,13756,13757,13759,13760,13761,13763,13764,13765,13767,13768,13769,
13770,13771,13776,13824,13829,13832,13833,13834,13836,13855,13858,13863,13865,13866,13868,
13876,13878,13879,13881,13883,13888,13891,13903,13908,13909,13912,13914,13917,13944,13945,
13998,14104,14148,14193,14240,14242,14246,14252,14253,14257,14259,14306,14308,14311,14312,
14317,14328,14329,14332,14336,14371,14452,14463,14466,14467,14468,14469,14470,14472,14484,
14495,14498,14499,14501,14502,14503,14531,14551,14552,14559,14561,14562,14563,14564,14566,
14567,14569,14570,14612,14618,14622,14824,14840,14842,14843,14844,14845,14846,14847,14849,
14907,15009,15045,15068,15069,15071,15080,15083,15090,15101,15102,15103,15112,15117,15143,
15146,15149,15151,15152,15153,15155,15171,15184,15205,15218,15220,15248,15285,15309,15326,
15328,15427,15434,15436,15437,15439,15442,15443,15526,15527,15530,15581,15587,15595,15611,
15717,15720,15723,15787,15791,15816,15817,15821,15822,15823,15887,15888,15891,15905,15906,
15923,15924,15942,15943,15944,15945,15946,15971,16000,16009,16012,16018,16023,16024,16025,
16026,16027,16028,16030,16032,16046,16047,16054,16055,16056,16057,16058,16063,16066,16067,
16075,16076,16077,16083,16084,16086,16093,16099,16108,16111,16116,16118,16120,16122,16123,
16124,16125,16126,16127,16129,16130,16131,16133,16134,16135,16136,16137,16140,16149,16160,
16163,16164,16167,16169,16228,16230,16231,16232,16233,16276,16279,16280,16281,16283,16284,
16286,16288,16291,16292,16293,16296,16298,16309,16311,16332,16333,16334,16335,16336,16337,
16338,16340,16342,16345,16346,16347,16348,16350,16351,16356,16373,16385,16550,16551,16552,
16554,16555,16558,16560,16565,16572,16598,16650,16651,16653,16655,16656,16658,16660,16664,
16668,16670,16672,16676,16682,16687,16740,16743,16745,16746,16747,16749,16751,16780,16793,
16801,16802,16806,16808,16809,16845,16850,16852,16853,16854,16855,16857,16859,16860,16866,
16873,16874,16880,16882,16883,16884,16885,16886,16887,16889,16890,16903,16908,16910,16912,
16913,16918,16922,16923,16924,16925,16927,16928,16932,16933,16937,16943,16949,16959,16968,
17009,17043,17057,17066,17067,17103,17104,17106,17108,17110,17112,17116,17124,17136,17149,
17168,17171,17174,17255,17300,17301,17331,17334,17335,17338,17345,17346,17347,17348,17349,
17408,17409,17410,17411,17428,17429,17431,17433,17436,17446,17449,17472,17473,17479,17481,
17484,17485,17486,17488,17489,17490,17492,17493,17518,17525,17526,17530,17534,17541,17542,
17543,17548,17555,17556,17557,17558,17559,17560,17563,17564,17565,17567,17568,17569,17699,
17711,17713,17718,17719,17720,17732,17734,17735,17747,17784,17808,17813,17815,17820,17823,
17866,17877,17883,17886,17913,17919,17921,17927,17929,17953,17954,17968,17993,18005,18006,
18018,18084,18085,18086,18087,18089,18093,18122,18136,18141,18142,18143,18220,18226,18227,
18229,18230,18236,18242,18254,18264,18265,18270,18271,18283,18284,18336,18341,18349,18371,
18373,18375,18376,18406,18428,18429,18430,18461,18479,18482,18487,18550,18553,18554,18555,
18556,18559,18560,18562,18564,18565,18568,18570,18574,18588,18666,18680,18691,18747,18765,
18766,18768,18792,18793,18794,18796,18802,18803,18805,18854,18863,18866,18910,18912,18913,
18914,18915,18917,18918,18924,18925,18934,18935,18949,18950,18961,18968,18969,18972,18975,
18976,18982,18984,19006,19018,19021,19023,19033,19042,19058,19065,19067,19069,19072,19080,
19090,19095,19100,19104,19106,19107,19108,19113,19114,19115,19120,19122,19123,19130,19135,
19165,19167,19172,19177,19179,19198,19255,19263,19264,19272,19319,19321,19322,19324,19325,
19326,19338,19345,19348,19349,19354,19358,19403,19404,19405,19406,19408,19410,19411,19412,
19413,19414,19415,19416,19417,19418,19420,19421,19423,19424,19429,19430,19432,19435,19436,
19437,19443,19501,19507,19509,19512,19516,19518,19553,19554,19555,19556,19558,19577,19578,
19579,19581,19586,19587,19588,19589,19609,19623,19625,19628,19632,19633,19635,19645,19647,
19648,19650,19652,19662,19663,19664,19666,19671,19672,19673,19674,19675,19676,19681,19682,
19683,19685,19688,19689,19692,19693,19694,19696,19699,19700,19701,19709,19710,19713,19717,
19719,19720,19721,19722,19725,19727,19731,19735,19739,19741,19742,19747,19836,19840,19850,
19880,19883,19912,19915,19917,19920,19925,19927,19962,19963,19964,19965,19967,19968,19969,
19974,19980,19982,19986,19991,19992,20001,20002,20003,20004,20008,20009,20016,20020,20021,
20023,20024,20025,20028,20030,20033,20035,20038,20039,20042,20045,20052,20058,20083,20142,
20144,20147,20150,20151,20153,20154,20156,20236,20244,20245,20261,20262,20264,20265,20266,
20268,20269,20271,20272,20273,20275,20276,20277,20278,20279,20282,20283,20290,20303,20315,
20321,20322,20325,20326,20328,20329,20358,20359,20362,20363,20365,20429,20436,20478,20480,
20483,20487,20490,20491,20493,20494,20495,20496,20499,20502,20563,20706,20710,20719,20720,
20727,20733,20746,20747,20753,20834,20925,20928,20932,20942,20943,20946,20949,20959,20961,
20971,21020,21021,21025,21027,21028,21031,21039,21043,21050,21168,21177,21182,21184,21188,
21190,21191,21266,21268,21271,21275,21276,21277,21305,21307,21334,21372,21373,21392,21403,
21421,21424,21425,21426,21429,21430,21435,21436,21437,21446,21448,21449,21450,21452,21453,
21456,21458,21626,21630,21647,21717,21720,21726,21727,21729,21841,21842,21843,21844,21849,
21850,21856,22004,22009,22137,22139,22141,22142,22143,22145,22147,22148,22153,22154,22156,
22160,22161,22163,22164,22166,22167,22168,22171,22177,22179,22181,22182,22184,22186,22187,
22190,22191,22192,22193,22194,22195,22196,22199,22200,22203,22205,22207,22209,22211,22212,
22213,22215,22217,22219,22224,22225,22226,22227,22228,22229,22231,22235,22238,22240,22241,
22243,22248,22249,22250,22251,22263,22266,22267,22268,22273,22275,22278,22279,22280,22281,
22283,22287,22288,22289,22293,22296,22299,22301,22303,22305,22306,22307,22308,22309,22311,
22319,22322,22323,22328,22329,22372,22374,22375,22376,22379,22380,22381,22382,22383,22387,
22388,22391,22392,22393,22394,22395,22409,22448,22482,22486,22492,22511,22512,22513,22514,
22515,22521,22522,22525,22586,22588,22589,22591,22592,22593,22618,22623,22627,22628,22654,
22655,22659,22661,22662,22664,22666,22667,22673,22767,22768,22771,22772,22779,22781,22782,
22859,22887,22889,22897,22909,22988,22990,23002,23007,23012,23013,23029,23032,23033,23034,
23035,23037,23038,23140,23152,23256,23258,23261,23275,23280,23311,23312,23313,23368,23371,
23377,23384,23391,23565,23572,23574,23575,23582,23585,23589,23675,23830,23852,23855,23856,
23859,23902,23905,23915,23921,23923,23924,23925,23927,23929,23954,23961,23962,23964,23965,
23966,23967,24084,24100,24102,24103,24104,24105,24107,24111,24114,24115,24116,24118,24155,
24159,24161,24163,24165,24166,24168,24217,24268,24277,24285,24290,24294,24296,24297,24298,
24300,24339,24366,24367,24369,24371,24381,24383,24384,24385,24386,24387,24389,24391,24392,
24394,24396,24397,24399,24400,24403,24404,24405,24408,24409,24546,24547,24549,24550,24552,
24553,24554,24557,24558,24571,24573,24575,24578,24580,24583,24585,24655,24656,24658,24692,
24696,24698,24701,24705,24706,24707,24708,24709,24710,24713,24984,24986,25066,25067,25068,
25069,25070,25071,25072,25133,25134,25146,25147,25149,25151,25152,25175,25179,25180,25181,
25185,25235,25237,25238,25241,25242,25243,25244,25245,25247,25249,25250,25309,25310,25311,
25313,25314,25315,25316,25388,25390,25394,25400,25401,25402,25457,25471,25710,25715,25717,
25719,25720,25721,25817,25828,25833,25838,25840,25992,26107,26110,26112,26115,26117,26122,
26127,26131,26142,26143,26144,26147,26148,26151,26188,26191,26192,26195,26223,26224,26226,
26230,26231,26232,26233,26237,26238,26240,26275,26276,26279,26283,26286,26288,26302,26303,
26305,26307,26309,26315,26344,26345,26348,26349,26351,26353,26357,26358,26359,26378,26380,
26381,26382,26386,26387,26443,26444,26448,26450,26456,26458,26459,26467,26468,26470,26471,
26552,26553,26554,26557,26558,26560,26561,26590,26593,26594,26599,26600,26724,26725,26727,
26728,26730,26731,27021,27023,27171,27245,27246,27247,27248,27249,27251,27369,27371,27372,
27377,27417,27419,27420,27421,27423,27531,27532,27533,27536,27537,27538,27543,27604,27605,
27606,27610,27612,27614,27642,27643,27644,27645,27648,27653,27804,27806,27811,27822,27823,
27827,27871,27875,27907,27926,27933,27934,27936,27942,27943,27944,28292,28293,28294,28297,
28313,28315,28317,28321,28322,28323,28389,28396,28572,28575,28579,28586,28588,28589,28593,
28622,28624,28625,28628,28679,28681,28682,28683,28684,28685,28687,28688,28691,28692,28759,
28763,28764,28768,28769,28770,28772,28774,28778,28779,28780,28827,28828,28830,28832,28833,
28834,29189,29190,29191,29192,29195,29196,29197,29199,29285,29329,29331,29333,29335,29337,
29354,29355,29356,29359,29361,29365,29369,29370,29371,29373,29378,29380,29382,29383,29384,
29385,29420,29422,29424,29426,29427,29459,29460,29461,29466,29468,29474,29475,29477,29478,
29483,29484,29485,29486,29487,29488,29493,29572,29575,29598,29602,29605,29606,29607,29609,
29645,29649,29650,29653,29661,29662,29667,29669,29670,29673,29690,29692,29693,29694,29695,
29696,29697,29715,29719,29720,29723,29724,29727,29729,29730,29731,29737,29738,29739,29741,
29772,29773,29776,29777,29778,29784,29789,29790,29791,29792,29794,29796,29799,29816,29818,
29822,29823,29824,29830,29831,29833,29836,29838,29840,29841,29842,29849,29850,29889,29890,
29891,29894,29896,29902,29904,29905,29906,29909,29911,29916,29918,29934,29946,29947,29949,
29950,29951,29953,29954,29956,29960,29961,29962,29998,29999,30000,30002,30003,30004,30006,
30017,30019,30020,30023,30024,30025,30026,30161,30162,30165,30166,30168,30230,30356,30359,
30361,30367,30372,30440,30502,30546,30608,30795,30849,30851,30858,30896,31038,31045,31368,
31427,31428,31429,31430,31434,31480,31482,31516,31526,31537,31569,31572,31573,31579,31586,
31739,31741,31769,31770,31774,31776,31777,31778,31780,31803,31804,31805,31806,31807,31808,
31809,31845,32298,32300,32303,32306,32307,32309,32311,32338,32339,32340,32341,32343,32371,
32373,32375,32378,32380,32424,32425,32426,32429,32431,32436,32438,32443,32450,32480,32481,
32482,32483,32485,32486,32488,32490,32565,32568,32569,32570,32655,32657,32658,32661,32662,
32664,32665,32680,32688,32691,32692,32697,32795,32796,32797,32799,32800,32802,32804,32807,
32810,32829,32866,32867,32868,32871,32872,32873,32874,32875,32878,32879,32882,32890,33006,
33011,33012,33015,33018,33020,33026,33027,33029,33030,33031,33032,33034,33039,33043,33047,
33050,33059,33066,33076,33077,33081,33085,33088,33091,33093,33094,33101,33104,33107,33108,
33110,33111,33115,33121,33127,33131,33135,33137,33142,33144,33150,33152,33155,33156,33157,
33159,33165,33168,33170,33180,33181,33183,33185,33188,33191,33192,33194,33195,33196,33197,
33199,33200,33201,33202,33203,33204,33207,33212,33213,33238,33241,33242,33243,33245,33246,
33247,33248,33249,33250,33251,33252,33253,33254,33256,33259,33260,33261,33263,33266,33272,
33282,33284,33285,33302,33388,33389,33396,33397,33398,33430,33432,33433,33434,33436,33447,
33458,33461,33465,33466,33467,33468,33470,33471,33474,33477,33479,33490,33491,33499,33503,
33523,33525,33526,33527,33529,33530,33538,33543,33544,33545,33546,33547,33548,33549,33551,
33553,33555,33556,33557,33558,33595,33596,33597,33598,33604,33605,33610,33611,33615,33618,
33619,33620,33647,33651,33654,33655,33658,33663,33666,33667,33669,33670,33672,33691,33692,
33693,33694,33695,33697,33698,33699,33700,33702,33712,33714,33715,33716,33720,33722,33723,
33725,33726,33728,33734,33736,33739,33740,33744,33751,33752,33753,33755,33756,33757,33758,
33759,33760,33762,33763,33766,33767,33770,33773,33775,33777,33778,33779,33813,33814,33815,
33816,33819,33836,33842,33843,33844,33849,33851,33852,33854,33885,33888,33891,33894,33895,
33896,33901,33906,33908,33911,33912,33914,33920,33924,33930,33931,33933,33934,33938,33981,
33982,33985,33995,33998,34003,34151,34183,34184,34185,34189,34190,34191,34194,34195,34293,
34294,34306,34314,34318,34319,34320,34321,34323,34324,34325,34326,34327,34330,34336,34507,
34511,34512,34514,34518,34532,34536,34537,34543,34544,34546,34590,34591,34595,34602,34659,
34683,34686,34688,34689,34694,34700,34717,34720,34727,34797,34836,34875,34876,34879,34880,
34882,34883,35011,35012,35013,35014,35016,35017,35018,35027,35112,35113,35121,35124,35128,
35129,35131,35132,35283,35284,35285,35286,35287,35288,35294,35298,35429,35616,35622,35623,
35625,35643,35677,35683,35688,35689,35690,35691,35692,35697,35701,35707,35708,35709,35710,
35712,35718,35725,35726,35730,35735,35739,35740,35741,35742,35744,35748,35847,35853,35856,
35859,35896,35897,35898,35901,35902,35904,35906,35907,35908,35911,35912,35913,35914,35915,
35939,35940,35945,35946,35948,35991,35993,35994,35996,35997,36002,36038,36039,36043,36045,
36046,36091,36093,36098,36099,36102,36104,36105,36107,36108,36109,36112,36113,36114,36118,
36119,36120,36121,36122,36126,36128,36146,36147,36149,36150,36153,36155,36158,36159,36162,
36163,36173,36181,36182,36186,36188,36190,36194,36222,36223,36227,36228,36232,36233,36234,
36236,36268,36270,36272,36273,36275,36276,36281,36298,36309,36349,36351,36352,36353,36354,
36355,36356,36358,36359,36360,36361,36363,36364,36365,36366,36367,36370,36372,36391,36394,
36396,36397,36398,36400,36401,36405,36406,36407,36408,36409,36414,36416,36419,36421,36453,
36458,36481,36484,36487,36488,36489,36508,36512,36519,36542,36543,36544,36545,36547,36550,
36552,36557,36559,36573,36574,36575,36576,36577,36578,36579,36581,36583,36585,36586,36587,
36588,36589,36593,36594,36596,36597,36642,36648,36649,36652,36657,36746,36748,36750,36751,
36753,36756,36758,36759,36760,36761,36762,36763,36764,36767,36771,36793,36794,36795,36797,
36798,36846,36848,36859,36860,36864,36866,36887,36889,36890,36892,36897,36903,36907,36913,
36928,36936,36997,36999,37000,37005,37028,37031,37038,37068,37069,37070,37071,37077,37079,
37080,37081,37085,37092,37095,37097,37099,37100,37101,37102,37105,37109,37111,37116,37121,
37122,37123,37124,37134,37136,37139,37142,37144,37146,37150,37151,37156,37171,37190,37234,
37235,37236,37237,37250,37254,37255,37256,37259,37263,37267,37268,37269,37270,37271,37321,
37330,37337,37340,37342,37344,37346,37347,37349,37350,37352,37357,37361,37362,37364,37366,
37367,37370,37437,37440,37442,37444,37450,37451,37454,37455,37474,37488,37490,37496,37500,
37501,37502,37510,37513,37529,37538,37539,37541,37544,37549,37554,37561,37578,37594,37597,
37598,37599,37602,37603,37604,37606,37608,37612,37613,37618,37623,37624,37625,37629,37636,
37639,37640,37641,37642,37679,37680,37683,37786,37817,37824,37826,37829,37830,37833,37836,
37837,37839,37843,37865,38001,38005,38025,38028,38030,38034,38153,38154,38155,38156,38157,
38158,38159,38160,38161,38162,38163,38164,38165,38167,38168,38169,38171,38175,38178,38180,
38181,38182,38185,38186,38187,38188,38189,38190,38193,38194,38195,38196,38198,38199,38200,
38201,38203,38206,38209,38212,38214,38215,38221,38222,38224,38226,38227,38228,38229,38230,
38231,38232,38233,38234,38237,38240,38241,38244,38246,38247,38248,38252,38258,38259,38260,
38262,38263,38265,38266,38267,38268,38269,38270,38271,38272,38273,38274,38275,38276,38277,
38278,38279,38280,38281,38286,38288,38291,38292,38293,38294,38295,38296,38297,38298,38299,
38300,38302,38303,38304,38305,38306,38307,38308,38309,38311,38312,38313,38315,38317,38318,
38321,38322,38323,38324,38326,38328,38331,38332,38335,38339,38340,38341,38342,38344,38347,
38351,38352,38353,38354,38396,38397,38402,38408,38672,38673,38676,38706,38707,38709,38713,
38723,38724,38726,38728,38748,38749,38750,38752,38753,38754,38807,38979,38980,38982,38985,
38988,38989,38993,39098,39099,39100,39178,39179,39180,39182,39188,39189,39190,39191,39192,
39218,39305,39306,39310,39312,39313,39315,39316,39343,39348,39349,39351,39352,39361,39362,
39364,39366,39411,39415,39416,39419,39420,39421,39425,39430,39431,39433,39434,39435,39444,
39448,39449,39452,39456,39457,39461,39463,39464,39465,39479,39480,39481,39487,39493,39497,
39499,39501,39507,39510,39511,39513,39514,39516,39522,39546,39547,39548,39550,39554,39558,
39592,39593,39595,39596,39597,39599,39601,39606,39614,39680,39684,39685,39721,39725,39726,
39727,39752,39756,39757,39758,39760,39761,39762,39764,39770,39798,39817,39822,39825,39826,
39831,39864,39867,39874,39876,39878,39891,39892,39893,39894,39895,39913,39916,39917,39921,
39922,39923,39925,39926,39978,39986,40068,40070,40073,40074,40077,40099,40100,40101,40102,
40116,40129,40131,40136,40138,40140,40141,40142,40147,40148,40152,40154,40159,40160,40161,
40167,40168,40169,40171,40173,40177,40180,40182,40219,40220,40221,40228,40272,40273,40274,
40276,40280,40284,40365,40366,40409,40410,40411,40413,40415,40417,40445,40517,40521,40522,
40523,40652,40654,40657,40699,40700,40703,40708,40709,40710,40712,40714,40799,40819,40820,
40821,40824,40825,40826,40828,40951,40953,40954,40955,40956,40958,40960,40962,40989,41010,
41018,41148,41149,41150,41152,41153,41326,41328,41332,41333,41337,41345,41347,41349,41351,
41360,41386,41414,41415,41488,41490,41493,41494,41645,41646,41649,41651,41655,41656,41657,
41659,41735,41737,41739,41750,41778,41783,41785,41787,41846,41850,41853,41855,41856,41958,
41960,41964,41971,41975,41981,42168,42169,42170,42195,42197,42199,42203,42205,42208,42210,
42212,42216,42428,42431,42432,42435,42437,42438,42442,42446,42474,42477,42481,42482,42483,
42517,42519,42521,42522,42524,42526,42599,42600,42603,42604,42606,42608,42689,42690,42691,
42696,42698,43309,43311,43312,43313,43465,43466,43469,43470,43471,43473,43474,43475,43617,
43622,43625,43629,43630,43634,43635,43646,43647,43648,43652,43653,43760,43761,43762,43763,
43765,43825,44027,44049,44050,44051,44052,44053,44054,44055,44056,44122,44133,44134,44138,
44140,44141,44157,44158,44163,44164,44186,44189,44197,44198,44201,44206,44230,44231,44233,
44234,44336,44342,44343,44346,44347,44348,44351,44352,44353,44362,44365,44366,44371,44372,
44427,44438,44452,44455,44456,44463,44468,44471,44473,44474,44476,44478,44479,44499,44500,
44502,44503,44504,44771,44778,44781,44995,45052,45056,45059,45060,45080,45090,45118,45119,
45120,45121,45125,45224,45235,45238,45242,45251,45253,45257,45260,45261,45264,45265,45269,
45312,45313,45314,45318,45319,45323,45325,45328,45329,45330,45331,45342,45395,45398,45399,
45401,45402,45510,45534,45535,45540,45552,45553,45554,45559,45563,45565,45566,45567,45568,
45571,45574,45575,45578,45579,45580,45581,45583,45585,45586,45597,45600,45602,45604,45608,
45609,45613,45614,45655,45656,45661,45662,45663,45664,45666,45669,45670,45671,46126,46128,
46130,46132,46133,46134,46140,46141,46238,46242,46243,46246,46248,46249,46265,46269,46270,
46271,46274,46391,46402,46403,46404,46409,46410,46416,46420,46421,46422,46423,46425,46471,
46472,46475,46482,46483,46484,46485,46486,46487,46488,46489,46490,46492,46494,46495,46496,
46500,46501,46503,46504,46505,46506,46507,46508,46509,46511,46512,46518,46519,46520,46521,
46524,46525,46532,46533,46536,46542,46545,46546,46547,46548,46551,46552,46555,46559,46561,
46567,46569,46570,46571,46572,46573,46578,46580,46582,46583,46590,46591,46593,46596,46598,
46601,46604,46607,46616,46617,46618,46713,46717,46721,46723,46724,46725,46726,46728,46731,
46733,46741,46745,46747,46754,46765,46845,46850,46854,46859,46861,46862,46863,46865,46866,
46876,46878,46879,46880,46881,46882,46883,46884,46885,46886,46891,46920,46949,46950,46951,
46952,46953,46954,46955,46956,46957,46958,46961,46964,46987,46988,46989,46992,46994,46995,
46996,46997,47004,47005,47007,47009,47010,47011,47013,47015,47017,47018,47021,47022,47025,
47026,47027,47028,47029,47038,47039,47040,47045,47047,47050,47056,47061,47062,47068,47069,
47074,47076,47077,47082,47084,47091,47094,47095,47097,47127,47129,47130,47131,47132,47136,
47137,47138,47139,47143,47147,47148,47149,47154,47155,47156,47157,47159,47160,47161,47164,
47167,47224,47225,47226,47229,47233,47234,47235,47236,47238,47240,47244,47247,47250,47251,
47254,47260,47265,47270,47271,47282,47296,47297,47298,47301,47302,47303,47318,47319,47320,
47321,47322,47323,47324,47325,47326,47328,47329,47386,47392,47396,47398,47401,47406,47408,
47409,47415,47421,47422,47423,47425,47426,47429,47430,47431,47434,47451,47452,47456,47458,
47461,47481,47483,47484,47487,47490,47492,47542,47543,47544,47545,47565,47571,47576,47580,
47590,47592,47609,47612,47613,47671,47672,47675,47723,47805,47811,47812,47814,47885,47913,
47915,47918,47919,47920,47921,47922,47928,47930,47936,47950,47961,47964,47970,47994,47999,
48039,48041,48042,48043,48044,48045,48046,48047,48054,48055,48076,48095,48096,48097,48099,
48100,48101,48178,48260,48268,48298,48450,48456,48460,48462,48464,48511,48512,48514,48516,
48518,48520,48526,48553,48558,48559,48560,48562,48603,48608,48612,48614,48615,48616,48618,
48619,48621,48624,48652,48653,48660,48740,48742,48744,48748,48749,48754,48755,48760,48920,
48923,48924,48925,48926,48928,48932,48934,48935,48938,48948,48949,48951,48952,48953,48954,
48955,48956,48957,48962,48969,48970,49056,49060,49068,49071,49072,49074,49077,49115,49116,
49121,49124,49127,49138,49159,49160,49161,49164,49165,49167,49170,49171,49174,49175,49178,
49179,49240,49245,49248,49249,49250,49251,49254,49346,49347,49353,49354,49356,49362,49363,
49364,49368,49370,49391,49392,49393,49394,49395,49397,49400,49410,49414,49415,49416,49419,
49422,49423,49442,49443,49445,49448,49449,49450,49452,49453,49454,49455,49458,49522,49524,
49534,49535,49536,49537,49538,49540,49556,49557,49561,49565,49570,49571,49572,49575,49576,
49616,49671,49673,49737,49740,49747,49748,49750,49758,49762,49763,49771,49774,49823,49828,
49830,49836,49853,49854,49878,49880,49884,49885,49886,49889,49892,49937,49940,49954,49960,
50010,50034,50037,50076,50078,50108,50115,50116,50129,50134,50135,50162,50163,50166,50169,
50172,50241,50268,50272,50277,50278,50279,50280,50281,50287,50294,50355,50471,50525,50527,
50536,50541,50544,50545,50549,50551,50552,50553,50554,50558,50560,50561,50567,50568,50571,
50581,50582,50583,50585,50589,50590,50591,50593,50600,50603,50604,50605,50608,50611,50612,
50617,50618,50621,50622,50623,50624,50625,50626,50627,50628,50629,50630,50634,50656,50682,
50784,50788,50820,50857,50864,50865,50867,50871,50872,50873,50876,50890,50891,50894,50895,
50897,50934,50935,50938,50939,51030,51038,51041,51110,51116,51117,51119,51120,51203,51204,
51205,51209,51210,51318,51404,51409,51410,51463,51470,51471,51488,51495,51497,51498,51500,
51580,51647,51649,51650,51655,51661,51662,51665,51666,51667,51670,51683,51685,51787,51788,
51791,51833,51877,51878,51880,51881,51882,51996,52005,52009,52010,52016,52041,52044,52045,
52047,52079,52087,52090,52100,52105,52161,52162,52164,52166,52169,52209,52258,52260,52266,
52270,52271,52275,52276,52280,52486,52489,52490,52491,52492,52493,52544,52548,52549,52573,
52593,52678,52684,52686,52689,52690,52691,52706,52709,52766,52805,52807,52811,52814,52818,
52820,52837,52838,52846,52847,52849,52852,52855,52856,52857,52862,52863,52929,52963,52978,
52990,52991,52992,52993,52994,52995,52998,53001,53002,53003,53007,53009,53010,53011,53021,
53022,53066,53068,53074,53076,53084,53085,53086,53094,53107,53148,53178,53181,53184,53185,
53186,53187,53188,53190,53194,53237,53238,53244,53249,53251,53255,53258,53332,53339,53340,
53342,53345,53349,53404,53406,53410,53413,53432,53440,53443,53447,53450,53454,53456,53459,
53527,53557,53559,53560,53561,53564,53568,53571,53723,53725,53730,53736,53737,53740,53744,
53746,53747,53875,53885,53887,53890,53891,53894,53898,53942,53944,53947,53948,53950,53951,
54184,54607,54610,54612,54693,54694,54696,54699,54703,54841,54851,54863,54864,54869,54872,
54877,54926,54931,54934,54935,54936,54937,55006,55008,55010,55013,55015,55016,55018,55019,
55101,55105,55116,55118,55124,55126,55208,55209,55282,55283,55284,55285,55286,55288,55289,
55290,55346,55348,55351,55354,55355,55421,55422,55423,55424,55429,55432,55433,55473,55537,
55538,55539,55639,55687,55744,55749,55772,55791,55828,55837,55841,55896,55965,56043,56051,
56092,56145,56146,56155,56199,56280,56289,56307,56381,56382,56383,56390,56391,56392,56393,
56394,56400,56502,56504,56507,56508,56509,56511,56514,56515,56517,56611,56647,56696,56698,
56699,56701,56704,56827,56830,56836,56940,56972,56975,56976,56977,57112,57124,57135,57156,
57163,57165,57171,57190,57200,57205,57206,57209,57210,57211,57212,57213,57214,57216,57217,
57223,57232,57233,57235,57237,57238,57240,57254,57256,57258,57259,57263,57264,57265,57273,
57278,57281,57282,57285,57287,57307,57316,57317,57364,57365,57367,57372,57375,57380,57381,
57384,57385,57388,57391,57396,57397,57400,57402,57406,57423,57424,57425,57426,57500,57503,
57504,57505,57506,57509,57510,57519,57521,57523,57532,57535,57537,57556,57557,57559,57560,
57564,57570,57571,57572,57656,57662,57663,57670,57671,57676,57679,57742,57747,57748,57749,
57750,57751,57752,57753,57754,57755,57760,57761,57762,57764,57782,57784,57785,57786,57787,
57788,57806,57828,57833,57836,57846,57848,57851,57895,57900,57901,57903,57906,57907,57909,
57960,57964,57982,57988,57990,57991,57992,57996,57998,58006,58017,58022,58028,58030,58031,
58096,58099,58110,58112,58126,58148,58153,58166,58214,58243,58244,58248,58249,58251,58252,
58254,58329,58330,58333,58335,58406,58451,58452,58456,58457,58460,58461,58465,58548,58555,
58557,58560,58561,58563,58750,58753,58760,58865,58953,58958,58966,58971,58975,58977,58986,
58987,58991,59034,59035,59038,59039,59041,59043,59046,59048,59049,59050,59051,59055,59142,
59152,59155,59157,59158,59159,59174,59176,59182,59183,59196,59243,59245,59247,59251,59253,
59254,59281,59283,59289,59290,59291,59292,59293,59296,59297,59298,59299,59301,59303,59313,
59314,59318,59321,59324,59325,59326,59333,59335,59336,59349,59352,59353,59356,59357,59360,
59361,59362,59364,59379,59408,59410,59411,59456,59457,59462,59465,59468,59472,59474,59494,
59498,59502,59504,59507,59508,59509,59511,59513,59559,59560,59562,59563,59566,59613,59621,
59623,59639,59642,59643,59652,59653,59656,59659,59660,59663,59664,59665,59667,59668,59670,
59774,59775,59778,59779,59802,59804,59806,59811,59817,59822,59823,59828,59905,59907,59908,
59909,59912,59917,59918,59919,59921,59922,59949,59950,59955,59992,59998,60000,60001,60002,
60003,60011,60052,60061,60062,60063,60064,60065,60073,60077,60079,60082,60083,60084,60090,
60129,60130,60182,60264,60268,60270,60271,60272,60275,60276,60282,60286,60290,60293,60318,
60323,60347,60387,60392,60399,60400,60413,60417,60497,60498,60502,60503,60600,60617,60619,
60620,60622,60623,60624,60626,60631,60647,60666,60675,60680,60705,60742,60748,60774,60790,
60803,60806,60808,60810,60812,60813,60816,60817,60818,60822,60824,60825,60826,60827,60830,
60831,60832,60833,60834,60835,60839,60840,60844,60845,60846,60847,60854,60858,60860,60863,
60864,60866,60867,60868,60871,60872,60874,60875,60876,60878,60879,60885,60890,60895,60896,
60897,60898,60899,60903,60904,60906,60907,60908,60909,60911,60912,60913,60914,60929,60940,
60987,60990,60992,60998,61001,61003,61005,61006,61007,61009,61014,61015,61016,61018,61020,
61021,61022,61033,61034,61038,61041,61056,61063,61133,61149,61190,61302,61325,61335,61336,
61337,61338,61339,61340,61341,61342,61343,61344,61345,61346,61349,61351,61381,61383,61391,
61393,61394,61396,61410,61440,61451,61462,61500,61502,61506,61507,61508,61510,61514,61517,
61519,61521,61525,61526,61529,61577,61584,61605,61634,61636,61638,61639,61641,61677,61683,
61684,61686,61687,61688,61689,61690,61691,61693,61716,61717,61720,61721,61727,61731,61732,
61765,61773,61775,61777,61783,61786,61789,61901,61905,61907,61908,61912,61913,61915,61917,
61918,61919,61947,61950,61955,61959,62047,62101,62102,62104,62105,62108,62111,62113,62116,
62119,62233,62234,62252,62253,62254,62256,62258,62350,62352,62354,62355,62359,62517,62518,
62519,62531,62534,62535,62536,62538,62626,62629,62630,62634,62635,62636,62641,62667,62671,
62683,62715,62833,62834,62836,62837,62838,62841,62843,62845,62854,62916,62918,62919,62921,
62923,62924,62961,62962,62963,62966,62967,62973,62996,62998,63001,63003,63022,63023,63024,
63028,63029,63060,63421,63422,63424,63426,63428,63441,63443,63446,63449,63505,63507,63511,
63512,63513,63517,63771,63772,63773,63775,63860,63863,63864,63866,63882,63886,63913,63946,
63958,64059,64064,64083,64084,64085,64089,64090,64091,64092,64093,64094,64096,64098,64099,
64107,64108,64110,64112,64113,64114,64121,64122,64123,64130,64132,64134,64135,64136,64138,
64142,64143,64144,64155,64205,64212,64213,64214,64218,64219,64238,64244,64248,64273,64276,
64338,64339,64340,64341,64342,64344,64347,64354,64370,64414,64433,64435,64437,64438,64439,
64441,64442,64444,64458,64461,64467,64472,64474,64475,64494,64526,64527,64528,64531,64536,
64538,64598,64599,64753,64756,64757,64758,64761,64762,64763,64764,64913,64921,64941,64942,
64943,64982,64983,65034,65038,65131,65177,65211,65271,65313,65314,65318,65328,65329,65331,
65335,65336,65459,65562,65563,65800,65899,65900,65902,65927,66054,66068,66168,66174,66178,
66180,66264,66267,66268,66270,66273,66278,66279,66284,66314,66316,66323,66324,66327,66329,
66333,66349,66350,66352,66353,66354,66355,66356,66358,66359,66360,66391,66392,66394,66395,
66399,66404,66405,66409,66416,66417,66423,66424,66436,66443,66446,66453,66454,66455,66457,
66458,66459,66460,66462,66463,66464,66465,66466,66467,66468,66469,66470,66476,66477,66481,
66485,66486,66487,66488,66489,66491,66492,66494,66496,66498,66500,66507,66509,66511,66512,
66527,66528,66529,66530,66531,66532,66540,66582,66650,66653,66655,66656,66657,66658,66663,
66664,66665,66666,66667,66668,66669,66670,66675,66695,66696,66697,66698,66700,66702,66703,
66704,66706,66707,66769,66770,66782,66784,66791,66793,66795,66798,66799,66800,66896,66899,
66900,66901,66904,66917,66928,66929,66930,66931,66941,66942,66945,66948,66953,66954,66955,
66956,67009,67014,67015,67018,67020,67034,67050,67054,67066,67080,67126,67127,67128,67129,
67130,67131,67133,67134,67147,67154,67224,67225,67228,67229,67230,67231,67233,67234,67275,
67292,67293,67294,67315,67316,67317,67370,67377,67394,67399,67402,67409,67421,67425,67489,
67490,67492,67493,67501,67508,67566,67641,67646,67648,67675,67704,67709,67777,67796,67807,
67808,67810,67815,67816,67817,67818,67983,67984,67999,68000,68021,68024,68029,68063,68064,
68068,68070,68072,68081,68082,68084,68086,68091,68092,68095,68096,68108,68111,68113,68116,
68117,68118,68121,68122,68123,68125,68152,68155,68158,68169,68183,68184,68185,68189,68193,
68194,68224,68232,68268,68282,68283,68290,68291,68292,68296,68297,68298,68330,68338,68342,
68344,68346,68347,68348,68350,68351,68352,68353,68354,68358,68359,68360,68361,68362,68363,
68364,68365,68367,68369,68374,68377,68431,68432,68433,68434,68436,68457,68458,68464,68465,
68472,68473,68474,68475,68476,68478,68481,68486,68487,68488,68489,68491,68495,68503,68554,
68557,68560,68564,68565,68578,68579,68580,68676,68677,68681,68683,68684,68685,68687,68689,
68691,68715,68718,68719,68722,68723,68724,68732,68741,68746,68747,68748,68765,68769,68771,
68772,68774,68775,68776,68781,68791,68793,68801,68807,68815,68816,68821,68822,68826,68891,
68892,68896,68897,68898,68899,68900,68940,68943,68946,68947,68949,68950,68955,68996,69000,
69057,69058,69059,69060,69064,69065,69068,69070,69078,69079,69083,69084,69188,69190,69191,
69235,69320,69349,69430,69431,69432,69434,69437,69438,69439,69440,69442,69443,69445,69448,
69451,69452,69453,69454,69455,69461,69462,69463,69465,69466,69467,69468,69469,69470,69472,
69474,69475,69480,69481,69483,69487,69491,69492,69493,69494,69496,69502,69503,69504,69505,
69506,69507,69508,69509,69511,69514,69518,69519,69521,69522,69523,69526,69532,69533,69600,
69608,69634,69637,69638,69639,69640,69642,69645,69647,69651,69652,69653,69702,69703,69709,
69710,69711,69714,69715,69720,69721,69838,69839,69840,69841,69842,69845,69856,69857,69859,
69915,70009,70126,70152,70155,70156,70157,70160,70161,70195,70259,70261,70262,70297,70354,
70384,70385,70386,70388,70389,70390,70391,70392,70393,70396,70444,70445,70448,70450,70451,
70452,70462,70464,70489,70493,70511,70563,70565,70566,70567,70569,70570,70571,70639,70711,
70743,70756,70774,70801,70830,70859,70863,70972,71018,71022,71025,71026,71030,71414,71415,
71419,71420,71421,71422,71423,71442,71481,71483,71489,71490,71491,71494,71498,71582,71597,
71599,71601,71607,71611,71709,71731,71743,71770,71796,71803,71823,71825,71828,71832,71833,
71836,72026,72031,72037,72084,72092,72093,72094,72098,72099,72101,72103,72328,72331,72337,
72340,72342,72344,72346,72347,72349,72429,72482,72484,72486,72487,72488,72489,72496,72497,
72499,72502,72639,72680,72682,72683,72684,72687,72688,72880,72892,72899,72900,72901,72902,
72969,72972,72973,73014,73015,73016,73017,73018,73019,73020,73021,73061,73071,73085,73093,
73130,73133,73134,73135,73136,73137,73138,73139,73149,73159,73162,73163,73165,73166,73180,
73185,73203,73218,73226,73241,73253,73268,73358,73408,73410,73412,73420,73562,73563,73566,
73567,73568,73570,73572,73576,73577,73579,73580,73588,73590,73628,73630,73635,73637,73638,
73639,73694,73697,73698,73699,73700,73702,73704,73867,73868,73869,73872,73876,73880,73881,
73883,73889,73896,73907,73933,73934,73938,73958,73959,73960,73966,73969,73985,73994,73996,
74063,74068,74070,74072,74108,74129,74184,74265,74353,74359,74361,74362,74366,74367,74373,
74423,74426,74427,74434,74437,74445,74456,74457,74458,74459,74460,74461,74466,74473,74475,
74476,74477,74479,74480,74484,74512,74513,74514,74515,74516,74517,74518,74519,74520,74526,
74529,74530,74532,74533,74539,74540,74543,74544,74545,74550,74559,74560,74567,74570,74576,
74601,74605,74609,74613,74617,74631,74644,74646,74647,74653,74658,74659,74660,74672,74675,
74676,74679,74687,74692,74696,74698,74757,74758,74763,74764,74767,74772,74773,74776,74777,
74778,74780,74782,74784,74793,74796,74832,74833,74834,74835,74838,74840,74843,74847,74849,
74852,74907,74909,74910,74911,74912,74913,74914,74916,74917,74918,74920,74921,74922,74923,
74928,74930,74931,74932,74933,74934,74935,74939,74940,74941,74943,75004,75009,75010,75011,
75012,75013,75014,75016,75017,75018,75019,75020,75021,75025,75118,75122,75136,75137,75138,
75140,75141,75144,75209,75210,75211,75256,75257,75258,75259,75260,75261,75295,75328,75335,
75336,75338,75344,75347,75353,75357,75359,75365,75370,75372,75373,75378,75379,75380,75381,
75383,75432,75470,75476,75478,75479,75480,75481,75521,75528,75851,75852,75853,75854,75855,
75856,75857,75984,75996,75997,75998,75999,76000,76024,76026,76035,76036,76039,76047,76048,
76049,76050,76052,76054,76058,76063,76097,76098,76099,76104,76105,76106,76107,76111,76118,
76120,76121,76122,76123,76124,76126,76132,76133,76134,76141,76145,76153,76154,76155,76184,
76185,76188,76189,76222,76225,76273,76277,76335,76376,76378,76381,76383,76385,76386,76389,
76390,76391,76413,76417,76418,76424,76440,76443,76450,76451,76453,76455,76456,76457,76458,
76460,76462,76493,76504,76518,76520,76521,76524,76549,76559,76561,76563,76564,76565,76566,
76569,76570,76572,76573,76613,76649,76650,76651,76652,76662,76683,76785,76786,76787,76788,
76791,76794,76861,76870,76931,77063,77067,77075,77076,77078,77079,77082,77083,77085,77086,
77090,77093,77094,77096,77097,77104,77105,77110,77111,77113,77114,77115,77116,77118,77119,
77120,77123,77124,77125,77127,77130,77132,77133,77134,77136,77141,77142,77143,77153,77154,
77155,77156,77157,77158,77159,77161,77162,77164,77166,77167,77168,77170,77259,77260,77262,
77263,77264,77266,77267,77268,77383,77384,77385,77388,77427,77430,77433,77440,77457,77461,
77483,77484,77485,77486,77487,77489,77490,77491,77493,77498,77503,77504,77507,77509,77510,
77528,77530,77532,77535,77536,77537,77538,77542,77543,77627,77633,77634,77635,77636,77640,
77644,77645,77648,77651,77653,77672,77674,77677,77678,77682,77685,77686,77687,77688,77713,
77737,77738,77743,77744,77752,77753,77754,77791,77795,77797,77798,77799,77800,77804,77856,
77858,77860,77862,77865,77867,77872,77873,77875,77902,77903,77906,77908,77910,77911,77915,
77917,78133,78134,78136,78138,78139,78141,78255,78256,78261,78264,78666,78670,78671,78674,
78675,78680,78681,78683,78687,79000,79002,79008,79011,79013,79014,79166,79179,79213,79224,
79797,79798,79799,79802,79806,79810,79811,79815,79820,79824,79827,79829,79833,79835,79836,
79870,79911,79948,80109,80145,80204,80218,80221,80229,80240,80263,80393,80400,80401,80402,
80422,80429,80430,80436,80440,80441,80442,80446,80447,80452,80565,80566,80567,80569,80570,
80573,80575,80576,80759,80766,80768,80769,80791,80792,80793,80794,80800,80803,80804,80830,
80834,80839,80849,80866,80873,80885,80886,80887,80888,80890,80896,80897,80898,80899,80911,
80917,80960,81179,81180,81182,81184,81284,81289,81293,81308,81324,81327,81328,81329,81330,
81338,81339,81341,81347,81361,81363,81364,81366,81367,81371,81372,81404,81405,81407,81408,
81409,81410,81412,81413,81414,81415,81417,81420,81423,81424,81425,81426,81427,81428,81429,
81430,81431,81432,81466,81475,81480,81517,81519,81520,81522,81523,81524,81526,81527,81531,
81533,81543,81544,81545,81568,81571,81572,81573,81574,81592,81695,81711,81712,81758,81759,
81778,81779,81780,81784,81785,81787,81788,81795,81796,81797,81798,81810,81850,81852,81856,
81857,81870,81873,81874,81876,81936,81938,81946,81950,81951,81954,81955,81984,81985,81987,
81988,82009,82011,82013,82018,82021,82054,82109,82157,82504,82505,82507,82508,82509,82511,
82513,82517,82518,82526,82527,82528,82534,82535,82536,82539,82597,82598,82600,82686,82687,
82688,82689,82693,82695,82696,82700,82701,82703,82716,82717,82736,82741,82748,82749,82750,
82754,82757,82797,82799,82800,82817,82818,82855,82858,82859,82862,82866,82874,82897,82974,
82981,82988,82989,82992,82996,83073,83074,83075,83076,83077,83099,83116,83121,83132,83145,
83146,83151,83156,83158,83162,83206,83230,83247,83248,83258,83262,83264,83266,83282,83290,
83292,83297,83347,83364,83366,83370,83372,83373,83374,83378,83598,83617,83652,83654,83655,
83657,83660,83661,83663,83664,83666,83668,83669,83672,83675,83677,83679,83680,83682,83683,
83685,83691,83692,83694,83697,83700,83701,83703,83704,83706,83707,83708,83709,83711,83712,
83715,83777,83780,83781,83783,83877,83883,83915,83950,83970,83971,83974,83976,83980,83981,
84002,84003,84005,84006,84008,84010,84012,84013,84038,84193,84205,84211,84213,84215,84216,
84220,84221,84222,84316,84319,84368,84374,84381,84412,84442,84445,84448,84458,84496,84502,
84545,84572,84574,84585,84593,84595,84596,84597,84600,84601,84602,84604,84613,84658,84666,
84667,84668,84671,84677,84688,84715,84721,84730,84739,84765,84779,84785,84802,84816,84848,
84896,84938,84941,84942,84943,84946,84949,84950,84955,84959,84960,84961,85005,85044,85045,
85149,85154,85155,85160,85201,85203,85210,85389,85392,85393,85397,85398,85400,85435,85438,
85440,85442,85443,85665,85667,85672,85691,85692,85694,85695,85697,85711,85712,85713,85717,
85719,85720,85722,85728,85733,85735,85739,85790,85918,85967,85968,85974,86118,86164,86165,
86170,86171,86172,86174,86175,86176,86179,86181,86182,86183,86200,86203,86204,86207,86223,
86232,86233,86239,86241,86242,86337,86380,86381,86385,86386,86388,86389,86390,86393,86406,
86407,86413,86432,86437,86438,86446,86464,86470,86475,86477,86478,86555,86563,86589,86598,
86605,86606,86610,86615,86616,86617,86618,86620,86621,86639,86640,86641,86643,86644,86645,
86646,86650,86963,86972,86974,86977,87008,87009,87015,87017,87018,87019,87021,87023,87031,
87032,87039,87040,87063,87082,87083,87085,87092,87098,87099,87103,87104,87108,87120,87235,
87236,87371,87396,87488,87489,87502,87531,87534,87535,87537,87539,87540,87542,87546,87547,
87552,87563,87565,87567,87593,87594,87595,87596,87609,87624,87646,87647,87648,87649,87664,
87686,87706,87755,87756,87762,87763,87769,87807,87810,87816,87817,87850,87851,87852,87853,
87855,87860,87862,87865,87929,88011,88012,88013,88014,88015,88016,88017,88018,88020,88021,
88023,88036,88060,88068,88069,88071,88075,88078,88081,88083,88093,88098,88103,88106,88107,
88130,88133,88134,88138,88139,88141,88145,88146,88152,88161,88172,88190,88214,88215,88216,
88217,88222,88236,88265,88302,88305,88306,88307,88308,88318,88325,88330,88331,88333,88335,
88337,88338,88339,88351,88352,88355,88360,88365,88368,88369,88375,88379,88384,88385,88387,
88403,88411,88413,88414,88445,88446,88449,88453,88457,88461,88479,88499,88527,88531,88539,
88545,88603,88604,88605,88610,88612,88613,88616,88617,88623,88624,88625,88626,88631,88632,
88653,88663,88664,88666,88667,88668,88669,88670,88673,88676,88677,88678,88679,88680,88698,
88699,88700,88712,88714,88723,88725,88726,88731,88744,88778,88779,88780,88781,88782,88795,
88799,88800,88802,88804,88805,88807,88808,88810,88811,88843,88847,88849,88850,88853,88854,
88855,88856,88859,88865,88866,88867,88869,88873,88876,88878,88880,88887,88890,88935,88936,
88937,88940,88946,88951,88952,88955,88956,88957,88959,88960,88963,88967,89017,89018,89022,
89023,89024,89065,89069,89070,89071,89072,89073,89074,89076,89078,89082,89105,89111,89123,
89125,89126,89127,89128,89129,89133,89135,89144,89150,89153,89173,89174,89177,89179,89184,
89187,89194,89195,89196,89204,89237,89240,89242,89243,89244,89248,89252,89255,89256,89278,
89279,89282,89289,89290,89291,89317,89321,89324,89325,89326,89330,89331,89332,89348,89369,
89373,89381,89382,89407,89408,89426,89431,89450,89499,89500,89521,89523,89524,89526,89527,
89528,89529,89534,89567,89570,89580,89585,89586,89603,89650,89661,89664,89708,89709,89714,
89718,89719,89720,89722,89723,89724,89725,89729,89732,89734,89736,89737,89738,89740,89745,
89746,89747,89748,89751,89752,89753,89755,89758,89760,89762,89763,89764,89765,89880,89881,
89883,89884,89885,89886,89915,89924,89943,89985,89989,89990,89991,90030,90077,90080,90082,
90085,90086,90095,90110,90112,90113,90114,90117,90118,90119,90121,90126,90177,90185,90257,
90318,90333,90384,90548,90574,90586,90630,90636,90637,90645,90656,90658,90659,90662,90666,
90668,90671,90678,90679,90734,90744,90747,90759,90792,90793,90805,90817,90829,90830,90832,
90854,90855,90857,90859,90860,90864,90865,90866,90868,90930,90931,90935,90937,90943,90944,
90945,91014,91018,91219,91266,91267,91270,91279,91283,91284,91369,91376,91380,91475,91476,
91564,91565,91566,91572,91577,91745,91746,91747,91748,91749,91750,91754,91755,91757,91758,
91777,91786,91788,91793,91794,91804,91914,91929,91930,91931,91932,91933,91934,91935,91936,
91937,91938,91990,91999,92000,92005,92008,92009,92014,92018,92020,92022,92076,92077,92078,
92079,92081,92082,92083,92088,92090,92104,92105,92106,92108,92111,92120,92121,92122,92123,
92125,92133,92139,92140,92176,92186,92245,92246,92254,92257,92262,92263,92264,92267,92268,
92367,92406,92408,92413,92415,92540,92573,92578,92716,92717,92724,92727,92729,92730,92736,
92737,92794,92802,92845,92846,92847,92849,92857,92859,92860,92861,92863,92878,92885,92886,
92887,92888,92889,92890,92891,92908,92989,92997,92998,93017,93018,93019,93020,93021,93022,
93024,93025,93026,93027,93028,93029,93030,93032,93034,93036,93037,93050,93059,93060,93062,
93063,93067,93071,93072,93084,93087,93089,93104,93109,93111,93113,93132,93134,93136,93151,
93152,93156,93157,93158,93160,93161,93162,93236,93237,93238,93249,93250,93252,93300,93303,
93304,93306,93314,93316,93318,93319,93321,93324,93331,93354,93355,93359,93360,93402,93403,
93404,93407,93408,93409,93410,93411,93412,93413,93414,93415,93416,93417,93418,93419,93422,
93441,93451,93460,93463,93464,93468,93486,93502,93505,93506,93521,93564,93565,93582,93585,
93589,93592,93593,93734,93742,93743,93835,93844,93850,93852,93853,93858,93868,93869,93870,
93873,93900,93901,93902,93914,93915,93916,93918,93919,93921,93924,93925,93928,93931,93995,
93996,94024,94028,94030,94038,94040,94063,94064,94065,94066,94071,94072,94073,94074,94075,
94076,94078,94083,94084,94085,94086,94087,94089,94090,94091,94092,94093,94094,94099,94100,
94104,94107,94108,94109,94111,94152,94160,94162,94174,94175,94177,94179,94180,94181,94183,
94185,94196,94230,94231,94235,94236,94237,94239,94240,94242,94246,94256,94263,94264,94265,
94266,94279,94290,94291,94326,94365,94433,94439,94470,94529,94581,94657,94659,94660,94661,
94662,94663,94666,94667,94671,94672,94673,94675,94679,94685,94686,94687,94691,94694,94695,
94697,94699,94706,94707,94708,94711,94712,94714,94715,94716,94717,94719,94720,94723,94724,
94726,94727,94728,94730,94731,94732,94733,94734,94735,94737,94738,94740,94741,94742,94744,
94748,94750,94751,94752,94753,94754,94757,94759,94760,94761,94762,94763,94764,94765,94766,
94767,94768,94769,94770,94772,94773,94774,94775,94776,94780,94786,94787,94859,94899,94939,
95024,95027,95028,95033,95043,95047,95049,95051,95053,95054,95084,95086,95087,95130,95188,
95230,95266,95276,95347,95377,95400,95443,95445,95488,95499,95501,95502,95504,95505,95507,
95508,95509,95513,95519,95523,95525,95526,95527,95529,95531,95573,95578,95585,95586,95587,
95588,95590,95592,95612,95651,95659,95674,95679,95688,95689,95691,95694,95695,95697,95698,
95700,95702,95705,95710,95711,95712,95713,95715,95717,95718,95720,95723,95731,95732,95749,
95805,95806,95840,95841,95859,95865,95866,95867,95871,95874,95875,96010,96028,96036,96096,
96102,96103,96185,96201,96223,96283,96290,96291,96295,96296,96297,96310,96311,96314,96353,
96424,96428,96429,96431,96435,96438,96439,96441,96442,96446,96449,96463,96468,96479,96500,
96502,96503,96564,96569,96573,96579,96580,96581,96584,96605,96607,96621,96623,96624,96629,
96639,96812,96816,96862,96865,96877,96905,96911,96913,96914,96917,96922,96953,96968,96969,
96980,96984,97022,97054,97055,97056,97058,97068,97070,97071,97081,97082,97083,97094,97095,
97118,97119,97120,97121,97122,97123,97125,97127,97130,97132,97133,97134,97137,97139,97140,
97147,97151,97152,97153,97154,97157,97159,97160,97161,97162,97163,97164,97167,97178,97179,
97180,97183,97185,97188,97189,97195,97196,97208,97363,97364,97365,97366,97367,97369,97372,
97373,97376,97391,97392,97395,97396,97397,97398,97400,97401,97417,97425,97445,97454,97456,
97496,97501,97503,97510,97511,97584,97587,97591,97596,97599,97601,97602,97604,97605,97611,
97612,97689,97691,97824,97883,97884,97885,97887,97895,97896,97911,97913,97914,97915,97928,
97939,97962,97964,97970,97971,97972,97980,97982,97984,97986,97987,97988,97989,97990,97991,
97994,97995,97996,97997,97999,98000,98001,98005,98010,98011,98013,98014,98017,98018,98019,
98022,98024,98027,98029,98030,98036,98037,98038,98043,98044,98045,98048,98050,98051,98054,
98055,98056,98058,98059,98060,98064,98073,98074,98075,98076,98216,98220,98227,98259,98260,
98263,98264,98269,98278,98290,98304,98305,98306,98307,98321,98323,98326,98327,98331,98345,
98351,98354,98359,98360,98361,98364,98371,98377,98381,98386,98395,98398,98404,98408,98418,
98419,98420,98424,98438,98452,98453,98459,98460,98462,98464,98465,98466,98498,98499,98500,
98501,98502,98504,98506,98507,98508,98525,98591,98601,98602,98603,98606,98668,98670,98671,
98672,98686,98687,98688,98718,98723,98761,98764,98765,98766,98767,98768,98769,98770,98771,
98772,98773,98775,98778,98779,98780,98794,98795,98802,98803,98810,98813,98814,98816,98817,
98818,98889,98971,98974,98975,98976,98979,98981,98983,99000,99001,99002,99003,99005,99007,
99008,99009,99013,99023,99027,99028,99054,99055,99056,99062,99063,99064,99070,99071,99072,
99077,99079,99138,99141,99142,99143,99145,99149,99150,99166,99168,99169,99170,99171,99172,
99177,99178,99180,99183,99185,99190,99192,99193,99194,99196,99197,99198,99201,99202,99203,
99212,99213,99215,99221,99222,99224,99225,99229,99235,99236,99238,99241,99247,99250,99254,
99259,99260,99261,99269,99271,99272,99273,99275,99276,99278,99279,99297,99318,99323,99328,
99333,99338,99351,99410,99459,99465,99466,99468,99469,99470,99473,99498,99532,99536,99538,
99539,99545,99548,99555,99556,99557,99564,99565,99566,99567,99570,99571,99572,99574,99575,
99576,99577,99578,99580,99588,99589,99591,99592,99593,99594,99596,99597,99598,99599,99600,
99601,99602,99603,99605,99617,99618,99619,99621,99623,99625,99627,99628,99629,99630,99691,
99692,99693,99697,99705,99716,99717,99718,99722,99723,99724,99725,99726,99727,99738,99741,
99751,99810,99811,99812,99814,99816,99818,99819,99820,99821,99828,99830,99831,99833,99834,
99835,99836,99839,99840,99841,99842,99843,99845,99846,99847,99848,99849,99850,99854,99905,
99907,99908,99909,99910,99912,99913,99915,99916,99917,99928,99938,99941,99947,99949,99979,
99980,99982,99983,99985,99987,99989,100021,100082,100083,100092,100187,100189,100190,100192,
100194,100223,100224,100225,100243,100479,100482,100486,100489,100490,100492,100497,100499,
100501,100503,100504,100506,100513,100616,100617,100618,100619,100627,100750,100768,100769,
100777,100779,100793,100812,100814,100823,100824,100830,100851,100870,100871,100875,101008,
101010,101015,101017,101023,101028,101032,101033,101036,101127,101146,101147,101148,101149,
101151,101158,101161,101166,101168,101169,101170,101234,101280,101394,101396,101397,101398,
101401,101405,101406,101407,101408,101409,101418,101422,101425,101427,101429,101430,101434,
101448,101452,101454,101457,101461,101472,101473,101481,101482,101550,101551
END_

! ----------------------------------------------------------------
!
!
! Design Response: MinimizeMass_DResp
!
DRESP
  ID_NAME = MinimizeMass_DResp
  LIST = NO_LIST
  DEF_TYPE = SYSTEM
  EL_GROUP = ALL_ELEMENTS
  TYPE = WEIGHT
  GROUP_OPER = SUM
END_

! ----------------------------------------------------------------
!
! Design Response: Stress_DResp_1
!
DRESP
  ID_NAME = Stress_DResp_1
  LIST = NO_LIST
  DEF_TYPE = SYSTEM
  EL_GROUP = ALL_ELEMENTS
  TYPE = SIG_TOPO_MISES
  GROUP_OPER = MAX
  LC_SET = STATIC, 1, ALL, MAX
END_

! ----------------------------------------------------------------
!
!
! Design Area: Task1_DESIGN_AREA
!
DV_TOPO
  ID_NAME = Task1_DESIGN_AREA
  EL_GROUP = ALL_ELEMENTS
END_

! ----------------------------------------------------------------
!
! Objective Function: MinimizeMass_Obj_Func
!
OBJ_FUNC
  ID_NAME = MinimizeMass_Obj_Func
  DRESP = MinimizeMass_DResp, 1.0
  TARGET = MIN
END_

! ----------------------------------------------------------------
!
! Constraint: Stress_Constraint_FOS_1
!
CONSTRAINT
  ID_NAME = Stress_Constraint_FOS_1
  DRESP = Stress_DResp_1
  MAGNITUDE = ABS
  LE_VALUE = 5.74563e+07
END_

! ----------------------------------------------------------------
!
! Geometric Restriction: Frozen_ManufacConstraint_2
!
DVCON_TOPO
  ID_NAME = Frozen_ManufacConstraint_2
  EL_GROUP = FROZEN_AREA_ELEMS_GRP_1
  CHECK_TYPE = FROZEN
END_

! ----------------------------------------------------------------
!
! Geometric Restriction: Frozen_ManufacConstraint_3
!
DVCON_TOPO
  ID_NAME = Frozen_ManufacConstraint_3
  EL_GROUP = FROZEN_AREA_ELEMS_GRP_2
  CHECK_TYPE = FROZEN
END_

! ----------------------------------------------------------------
!
! CS_DEF: Datum_CSys_5
!
CS_DEF
  ID_NAME = Datum_CSys_5
  CS_TYPE = RECTANGULAR
  DEF_TYPE = LOCAL
  CS_REF = CS_0
  ORIGIN_123 = 0.000000, 0.000000, 0.000000
  ROTATION_321 = 0.000000, 90.000000, 0.000000
END_

! ----------------------------------------------------------------
!
! Geometric Restriction: Symm_ManufacConstraint_4-1
!
LINK_TOPO
  ID_NAME = Symm_ManufacConstraint_4-1_LINK_
  TYPE = PLANE_SYM, AXIS_3
  CS = Datum_CSys_5 
  IGNORE_FROZEN = FALSE
END_

DVCON_TOPO
  ID_NAME = Symm_ManufacConstraint_4-1
  EL_GROUP = ALL_ELEMENTS
  CHECK_TYPE = LINK_TOPO
  CHECK_LINK = Symm_ManufacConstraint_4-1_LINK_
END_

! ----------------------------------------------------------------
!
! Geometric Restriction: Thickness_ManufacConstraint_6
!
DVCON_TOPO
  ID_NAME = Thickness_ManufacConstraint_6
  EL_GROUP = ALL_ELEMENTS
  CHECK_TYPE = MIN_MEMBER
  THICKNESS = 0.0254
END_

! ----------------------------------------------------------------
!
!
! Optimize: OPTIMIZE_1_TOPOLOGY_OPTIMIZATION_CONTROLLER 
!
OPTIMIZE
  ID_NAME = OPTIMIZE_1_TOPOLOGY_OPTIMIZATION_SENSITIVITY
  DV = Task1_DESIGN_AREA
  OBJ_FUNC = MinimizeMass_Obj_Func
  DVCON = Frozen_ManufacConstraint_2
  DVCON = Frozen_ManufacConstraint_3
  DVCON = Symm_ManufacConstraint_4-1
  DVCON = Thickness_ManufacConstraint_6
  CONSTRAINT = Stress_Constraint_FOS_1
  STRATEGY = TOPO_SENSITIVITY
END_

OPT_PARAM
  ID_NAME = OPTIMIZE_1_TOPOLOGY_OPTIMIZATION_SENSITIVITY_OPT_PARAM_
  OPTIMIZE = OPTIMIZE_1_TOPOLOGY_OPTIMIZATION_SENSITIVITY
  DV_UPDATE_STRATEGY = CSA
  STABILIZATION = YES
  AUTO_FROZEN = BOTH
  AUTO_FROZEN_CON = BOTH
  STOP_CRITERION_LEVEL = BOTH
  STOP_CRITERION_OBJ = 0.001
  STOP_CRITERION_DENSITY = 0.005
END_

STOP
  ID_NAME = Task-1_GLOBAL_STOP_CONDITION_
  ITER_MAX = 75
END_

