DRIVER
  os.environ['SMA_TSO_COSMOS_ELEMAT'] = '1'
  driver.registerSaveRule( UpdateRules.COPY, CheckPoints.ITER_COMPLETE, EventTimes.LAST, [ '*.ste*' ], 'SAVE.ste', '' )
  driver.registerSaveRule( UpdateRules.COPY, CheckPoints.ITER_COMPLETE, EventTimes.LAST, [ '*.lcd*' ], 'SAVE.ste', '' )
  driver.registerSaveRule( UpdateRules.COPY, CheckPoints.ITER_COMPLETE, EventTimes.LAST, [ '*.lcm*' ], 'SAVE.ste', '' )
END_

FEM_INPUT
  ID_NAME = support_at_p8-TopOp_Webbing_1
  FILE = support_at_p8-TopOp Webbing-Primary Load Case 1.NOD
  FILE = support_at_p8-TopOp Webbing.NOD
END_

*SET_DB,rint,130,1

GROUP_DEF
  ID_NAME = FROZEN_AREA_ELEMS_GRP_1
  TYPE=ELEM
  FORMAT=LIST
  LIST_BEGIN
9,112,125,147,152,161,162,163,164,165,169,201,202,203,204,205,277,281,283,303,305,306,317,
345,346,347,348,350,351,402,403,404,405,407,429,430,431,432,433,442,453,462,473,491,502,519,
520,521,522,523,524,525,526,527,528,529,530,531,532,533,534,571,572,573,574,575,576,592,602,
603,604,605,606,607,608,609,610,642,645,646,647,648,649,651,714,715,716,717,732,740,770,771,
772,773,774,775,783,786,787,788,790,874,875,877,878,879,880,881,882,883,884,885,886,918,970,
971,974,984,990,999,1000,1001,1002,1003,1007,1026,1030,1044,1045,1047,1048,1049,1055,1095,
1096,1097,1100,1131,1133,1134,1135,1136,1137,1181,1190,1192,1317,1318,1319,1320,1321,1330,
1344,1370,1371,1373,1375,1410,1421,1509,1517,1518,1519,1520,1521,1533,1534,1535,1536,1545,
1547,1548,1549,1550,1557,1558,1559,1560,1561,1562,1563,1564,1565,1567,1568,1569,1570,1571,
1572,1573,1575,1576,1577,1578,1582,1586,1593,1595,1596,1597,1598,1623,1625,1626,1627,1628,
1629,1630,1637,1638,1639,1640,1642,1643,1644,1645,1646,1647,1648,1649,1650,1666,1668,1669,
1670,1671,1672,1673,1674,1696,1699,1704,1708,1709,1710,1711,1712,1713,1718,1719,1721,1723,
1724,1725,1726,1728,1729,1731,1732,1733,1743,1744,1745,1746,1747,1748,1750,1751,1752,1753,
1754,1755,1756,1757,1758,1759,1761,1773,1774,1775,1776,1792,1793,1794,1795,1796,1797,1798,
1802,1803,1804,1811,1812,1813,1814,1826,1835,1836,1837,1838,1839,1840,1841,1842,1871,1872,
1873,1874,1875,1881,1882,1884,1885,1891,1892,1893,1894,1895,1900,1901,1902,1903,1904,1905,
1906,1908,1910,1911,1913,1914,1916,1918,1919,1922,1935,1960,1961,1963,1964,1966,1967,1968,
2004,2027,2032,2033,2038,2039,2041,2043,2045,2046,2048,2055,2060,2063,2068,2070,2071,2072,
2086,2110,2111,2112,2113,2114,2115,2129,2161,2162,2163,2164,2165,2177,2178,2179,2180,2181,
2195,2200,2201,2202,2203,2204,2205,2206,2209,2240,2241,2242,2243,2269,2270,2271,2272,2273,
2275,2276,2277,2278,2279,2295,2296,2297,2298,2299,2300,2344,2345,2346,2347,2361,2362,2363,
2364,2365,2462,2479,2515,2532,2533,2534,2535,2536,2544,2549,2550,2552,2555,2556,2557,2558,
2575,2576,2577,2578,2579,2580,2587,2591,2633,2634,2635,2636,2637,2640,2725,2775,2809,2811,
2817,2818,2819,2820,2822,2824,2826,2827,2828,2829,2830,2831,2832,2833,2834,2835,2841,2929,
2930,2931,2932,2933,2936,2937,2939,2944,2945,2946,2947,2948,2949,2951,2952,2953,2954,2972,
2973,2976,2997,3019,3032,3033,3034,3035,3036,3168,3173,3177,3182,3183,3184,3185,3186,3187,
3192,3193,3194,3195,3196,3198,3199,3256,3257,3258,3259,3342,3343,3378,3379,3383,3384,3399,
3400,3401,3402,3403,3404,3405,3473,3478,3532,3533,3534,3535,3536,3648,3724,3726,3747,3749,
3750,3753,3754,3780,3782,3807,3818,3819,3822,3823,3825,3827,3828,3829,3844,3859,3861,3864,
3873,3878,3885,3886,3887,3894,3895,3897,3938,3953,3960,3962,3964,3965,3966,3967,3968,3970,
3972,3975,3987,3991,3993,3994,3997,3998,4002,4011,4014,4016,4017,4018,4019,4021,4023,4024,
4026,4090,4098,4099,4111,4118,4133,4134,4135,4137,4144,4147,4148,4189,4196,4209,4222,4228,
4230,4231,4232,4233,4234,4235,4236,4240,4364,4402,4445,4446,4447,4448,4449,4450,4452,4453,
4454,4455,4457,4458,4459,4461,4473,4474,4475,4476,4477,4478,4480,4482,4525,4538,4541,4542,
4543,4546,4548,4568,4586,4609,4610,4612,4613,4615,4617,4619,4620,4621,4667,4669,4670,4672,
4673,4674,4771,4772,4773,4774,4775,4802,4826,4847,4849,4850,4851,4853,4856,4857,4863,4864,
4867,4870,4879,4880,4881,4899,4902,4908,4912,4913,4918,4926,4927,4930,4931,4932,4934,4936,
4938,4939,4944,4945,4949,4954,4955,4958,4961,4964,4965,4966,4969,4970,4971,4972,4973,4974,
4975,4976,4978,4981,4982,4983,4986,4987,4989,4994,4996,5000,5001,5003,5011,5014,5016,5019,
5021,5022,5023,5026,5030,5031,5032,5033,5034,5036,5042,5045,5050,5051,5052,5053,5054,5055,
5059,5061,5062,5063,5064,5065,5066,5067,5069,5070,5071,5072,5073,5074,5075,5076,5082,5086,
5089,5138,5148,5151,5155,5160,5163,5164,5166,5169,5170,5171,5173,5176,5183,5184,5185,5187,
5190,5196,5198,5202,5207,5236,5237,5245,5248,5287,5296,5311,5313,5314,5315,5317,5319,5320,
5322,5334,5336,5339,5341,5354,5357,5359,5360,5361,5363,5364,5407,5408,5413,5414,5415,5416,
5417,5418,5419,5420,5422,5423,5424,5425,5428,5430,5431,5461,5464,5465,5466,5467,5468,5469,
5470,5471,5472,5475,5476,5509,5510,5511,5512,5513,5515,5521,5522,5523,5524,5529,5530,5553,
5554,5555,5560,5561,5565,5566,5570,5572,5575,5578,5581,5583,5584,5586,5587,5589,5590,5654,
5659,5660,5687,5688,5695,5696,5697,5698,5699,5702,5709,5713,5720,5736,5757,5763,5764,5765,
5767,5768,5769,5771,5799,5800,5801,5802,5807,5809,5813,5814,5815,5816,5817,5839,5840,5842,
5843,5844,5845,5848,5851,5853,5872,5893,5895,5897,5899,5900,5901,5903,5907,5913,5923,5924,
5926,5929,5930,5931,5932,5933,5934,5935,5936,5937,5938,5939,5940,5941,5942,5943,5944,5945,
5950,5978,5979,5980,5982,5983,5985,5987,5988,5993,5996,5999,6000,6001,6002,6003,6004,6005,
6006,6008,6009,6011,6014,6018,6021,6022,6024,6034,6035,6036,6037,6038,6040,6043,6044,6045,
6046,6048,6049,6050,6051,6052,6054,6055,6056,6057,6058,6059,6060,6062,6063,6064,6065,6066,
6070,6072,6073,6074,6076,6080,6081,6085,6098,6103,6104,6108,6111,6113,6114,6115,6116,6117,
6118,6119,6122,6125,6128,6146,6148,6188,6189,6191,6192,6195,6210,6213,6216,6218,6231,6235,
6237,6238,6242,6243,6245,6248,6251,6252,6255,6257,6260,6261,6262,6284,6311,6312,6314,6317,
6318,6320,6323,6325,6326,6329,6331,6336,6341,6343,6347,6354,6371,6372,6374,6375,6376,6377,
6378,6379,6380,6382,6383,6384,6386,6387,6401,6402,6406,6407,6409,6410,6411,6412,6413,6414,
6416,6417,6421,6422,6424,6425,6426,6427,6430,6431,6433,6435,6436,6438,6440,6442,6444,6445,
6446,6447,6448,6452,6456,6457,6458,6459,6495,6499,6501,6528,6550,6551,6552,6553,6554,6555,
6561,6562,6564,6565,6566,6567,6569,6570,6572,6573,6575,6584,6586,6587,6589,6592,6593,6619,
6620,6626,6664,6670,6689,6690,6692,6694,6695,6696,6697,6698,6699,6700,6701,6708,6710,6711,
6712,6713,6714,6716,6727,6767,6790,6792,6793,6794,6795,6796,6802,6855,6858,6860,6885,6899,
6901,6902,6903,6904,6947,6951,6952,6954,6956,7002,7044,7123,7124,7125,7128,7129,7134,7137,
7141,7143,7146,7153,7155,7156,7158,7160,7164,7165,7166,7167,7170,7171,7172,7173,7177,7178,
7181,7182,7184,7186,7188,7189,7193,7195,7199,7203,7206,7208,7210,7212,7213,7214,7215,7216,
7219,7221,7223,7225,7227,7230,7233,7240,7241,7250,7251,7253,7256,7257,7261,7262,7267,7268,
7269,7270,7271,7272,7273,7274,7292,7295,7296,7303,7307,7310,7314,7315,7316,7333,7337,7344,
7373,7374,7375,7377,7378,7380,7382,7384,7385,7387,7390,7394,7411,7412,7414,7448,7449,7453,
7457,7485,7486,7490,7491,7492,7494,7495,7496,7505,7506,7507,7510,7515,7516,7517,7518,7520,
7521,7523,7525,7526,7527,7528,7530,7532,7533,7534,7535,7536,7539,7587,7595,7597,7598,7599,
7613,7615,7617,7620,7623,7624,7625,7638,7640,7641,7642,7646,7648,7651,7653,7692,7697,7699,
7700,7706,7707,7749,7754,7755,7756,7810,7812,7815,7816,7817,7834,7840,7847,7859,7860,7862,
7884,7895,7924,7927,7932,7937,7942,7943,7945,7946,7947,7948,7949,7958,7959,7960,7961,7962,
7963,7965,7970,7971,7972,7973,7975,7976,7989,7990,7993,7995,7997,8004,8007,8062,8064,8065,
8081,8082,8083,8084,8085,8086,8090,8094,8113,8118,8120,8121,8124,8140,8150,8153,8155,8156,
8157,8161,8162,8163,8164,8168,8169,8170,8171,8182,8188,8189,8193,8194,8195,8196,8198,8199,
8200,8201,8206,8207,8211,8214,8223,8228,8269,8270,8271,8273,8275,8276,8277,8279,8280,8281,
8282,8283,8284,8285,8286,8287,8288,8289,8293,8295,8299,8307,8324,8384,8386,8389,8391,8392,
8506,8561,8565,8566,8568,8602,8609,8613,8615,8616,8625,8669,8671,8672,8673,8675,8683,8829,
8881,8884,8885,8887,8888,8889,8892,8974,8994,8995,8996,8998,8999,9002,9003,9010,9015,9019,
9020,9024,9025,9026,9029,9032,9038,9039,9040,9041,9042,9044,9045,9046,9047,9048,9058,9064,
9066,9069,9071,9074,9079,9084,9091,9094,9096,9097,9101,9114,9115,9117,9118,9119,9123,9124,
9125,9126,9144,9146,9147,9153,9154,9155,9160,9161,9162,9164,9165,9172,9173,9174,9175,9176,
9197,9201,9202,9205,9208,9212,9213,9222,9224,9225,9228,9230,9231,9233,9237,9239,9240,9242,
9243,9245,9246,9247,9248,9250,9251,9252,9253,9255,9256,9257,9258,9259,9261,9265,9268,9271,
9272,9305,9338,9342,9344,9345,9346,9350,9351,9352,9353,9355,9420,9422,9432,9433,9436,9437,
9441,9444,9445,9446,9447,9448,9449,9495,9504,9508,9517,9518,9521,9522,9549,9553,9554,9557,
9563,9565,9593,9599,9600,9604,9678,9679,9680,9681,9686,9687,9692,9693,9694,9695,9696,9697,
9705,9706,9724,9742,9745,9746,9754,9755,9756,9757,9767,9778,9780,9781,9782,9784,9785,9788,
9795,9797,9798,9819,9820,9821,9822,9823,9824,9826,9827,9831,9833,9876,9877,9878,9887,9888,
9891,9893,9914,9917,9919,9920,9922,9923,9924,9926,9927,9944,9960,9962,9963,9964,9965,9988,
9991,10005,10029,10030,10036,10050,10056,10059,10060,10061,10065,10067,10069,10073,10076,10079,
10083,10084,10086,10089,10093,10094,10098,10102,10103,10104,10105,10116,10117,10118,10123,
10124,10125,10170,10186,10187,10219,10245,10246,10249,10256,10257,10258,10262,10314,10357,
10358,10359,10361,10362,10364,10366,10367,10368,10369,10370,10373,10374,10377,10378,10379,
10383,10384,10385,10386,10388,10389,10390,10391,10510,10511,10512,10517,10520,10522,10524,
10542,10543,10545,10546,10549,10550,10553,10554,10560,10563,10566,10569,10573,10574,10576,
10577,10578,10579,10580,10585,10586,10592,10595,10597,10598,10600,10601,10603,10604,10606,
10607,10608,10609,10610,10611,10612,10613,10614,10615,10618,10620,10624,10625,10627,10628,
10630,10631,10632,10635,10636,10638,10639,10640,10641,10643,10645,10648,10649,10650,10651,
10652,10653,10654,10655,10656,10657,10658,10660,10661,10662,10663,10664,10665,10668,10672,
10673,10682,10683,10698,10699,10756,10761,10762,10763,10764,10767,10809,10815,10818,10819,
10820,10821,10822,10823,10824,10825,10826,10827,10828,10829,10830,10831,10832,10833,10834,
10838,10840,10841,10842,10843,10844,10845,10846,10847,10851,10853,10854,10855,10856,10857,
10859,10860,10862,10863,10867,10929,10936,10944,10945,10947,10948,10949,10952,10959,10964,
10965,11038,11059,11063,11070,11072,11073,11074,11075,11076,11077,11078,11081,11083,11084,
11085,11088,11089,11090,11091,11092,11093,11094,11095,11096,11097,11098,11099,11100,11101,
11102,11103,11105,11204,11206,11215,11216,11218,11221,11222,11223,11224,11225,11227,11228,
11229,11230,11231,11232,11235,11236,11237,11240,11242,11243,11244,11245,11246,11247,11248,
11272,11273,11275,11276,11278,11279,11288,11290,11326,11332,11333,11335,11336,11339,11350,
11355,11356,11404,11407,11409,11410,11411,11429,11435,11438,11439,11445,11449,11518,11523,
11527,11528,11529,11531,11545,11546,11547,11549,11552,11553,11558,11559,11560,11566,11568,
11569,11570,11571,11576,11577,11580,11581,11583,11584,11585,11588,11589,11590,11705,11712,
11713,11763,11767,11768,11769,11770,11771,11772,11775,11776,11779,11781,11783,11785,11786,
11789,11791,11792,11794,11795,11796,11798,11800,11801,11804,11805,11806,11808,11811,11812,
11813,11814,11815,11816,11817,11818,11819,11820,11821,11822,11823,11824,11825,11826,11832,
11833,11834,11835,11836,11837,11838,11847,11848,11849,11850,11852,11872,11873,11875,11876,
11884,11885,11887,11889,11893,11894,11895,11903,11904,11906,11907,11908,11911,11912,11914,
11915,11916,11917,11918,11919,11920,11926,11927,11930,11933,11934,11935,11943,11948,11952,
11956,11958,11959,11960,11961,11962,11963,11964,11965,11966,11967,11968,11969,11971,11972,
11974,11977,11978,11981,11984,11985,11987,11988,11995,11996,11997,12001,12002,12003,12005,
12007,12011,12012,12013,12014,12031,12032,12033,12034,12040,12042,12043,12044,12100,12103,
12109,12111,12142,12147,12166,12167,12168,12171,12172,12174,12177,12186,12191,12202,12227,
12230,12236,12239,12255,12262,12264,12293,12299,12314,12316,12318,12319,12320,12321,12327,
12351,12352,12353,12354,12355,12358,12359,12360,12361,12362,12363,12370,12376,12377,12378,
12379,12380,12381,12382,12383,12384,12386,12388,12392,12404,12409,12410,12413,12414,12415,
12418,12424,12432,12433,12435,12439,12440,12441,12443,12444,12445,12446,12448,12449,12450,
12451,12454,12455,12456,12457,12459,12461,12462,12463,12464,12465,12466,12467,12469,12474,
12477,12485,12507,12508,12510,12644,12710,12712,12713,12716,12717,12720,12722,12780,12834,
12857,12858,12859,12860,12862,12889,12894,12897,12899,12900,12902,12905,12906,12907,12908,
12909,12910,12911,12912,12915,12916,12917,12918,12919,12920,12921,12924,12926,12927,12928,
12929,12930,12931,12933,12934,12939,12944,12948,12949,12953,12955,12956,12967,12971,12973,
12979,12982,12988,12989,12995,13017,13021,13023,13024,13025,13026,13027,13065,13073,13076,
13077,13078,13079,13083,13084,13085,13086,13087,13088,13089,13090,13091,13092,13093,13094,
13095,13096,13097,13098,13099,13100,13101,13103,13104,13105,13106,13108,13112,13113,13114,
13116,13119,13127,13130,13132,13134,13135,13136,13137,13143,13144,13147,13148,13149,13150,
13155,13158,13160,13161,13163,13165,13167,13168,13201,13203,13205,13262,13284,13286,13288,
13293,13306,13307,13308,13334,13335,13336,13364,13365,13366,13367,13368,13369,13390,13394,
13395,13423,13424,13427,13428,13429,13430,13433,13434,13435,13439,13455,13456,13464,13542,
13543,13544,13549,13556,13569,13570,13571,13572,13574,13575,13576,13580,13581,13582,13586,
13603,13608,13624,13625,13651,13692,13720,13739,13759,13763,13769,13772,13773,13775,13776,
13783,13784,13785,13786,13787,13788,13819,13820,13822,13823,13825,13826,13828,13832,13833,
13834,13835,13836,13838,13839,13842,13843,13844,13845,13847,13848,13860,13861,13862,13864,
13867,13869,13870,13875,13876,13883,13885,13886,13888,13889,13892,13894,13895,13897,13900,
13901,13902,13903,13904,13906,13908,13909,13912,13914,13918,13919,13920,13921,13927,13929,
13930,13932,13935,13936,13937,13938,13943,13945,13948,13949,13950,13953
END_

! ----------------------------------------------------------------
!
! Design Response: Stiffness_Measure
!
DRESP
  ID_NAME = Stiffness_Measure
  LIST = NO_LIST
  DEF_TYPE = SYSTEM
  EL_GROUP = ALL_ELEMENTS
  TYPE = ENERGY_STIFF_MEASURE
  GROUP_OPER = SUM
  LC_SEL = SUM 
  LC_SET = STATIC, ALL, ALL, MAX
END_

! ----------------------------------------------------------------
!
! Design Response: Mass_DResp_1
!
DRESP
  ID_NAME = Mass_DResp_1
  LIST = NO_LIST
  DEF_TYPE = SYSTEM
  EL_GROUP = ALL_ELEMENTS
  TYPE = WEIGHT
  GROUP_OPER = SUM
END_

! ----------------------------------------------------------------
!
! Design Response: Stress_DResp_1_LC_1
!
DRESP
  ID_NAME = Stress_DResp_1_LC_1
  LIST = NO_LIST
  DEF_TYPE = SYSTEM
  EL_GROUP = ALL_ELEMENTS
  TYPE = SIG_TOPO_MISES
  GROUP_OPER = MAX
  LC_SET = STATIC, 1,
END_

! ----------------------------------------------------------------
!
! Design Response: Stress_DResp_1_LC_10001
!
DRESP
  ID_NAME = Stress_DResp_1_LC_10001
  LIST = NO_LIST
  DEF_TYPE = SYSTEM
  EL_GROUP = ALL_ELEMENTS
  TYPE = SIG_TOPO_MISES
  GROUP_OPER = MAX
  LC_SET = STATIC, 10001,
END_

! ----------------------------------------------------------------
!
!
! Design Area: Task1_DESIGN_AREA
!
DV_TOPO
  ID_NAME = Task1_DESIGN_AREA
  EL_GROUP = ALL_ELEMENTS
END_

! ----------------------------------------------------------------
!
! Objective Function: StiffnessEnergy_Obj_Func
!
OBJ_FUNC
  ID_NAME = StiffnessEnergy_Obj_Func
  DRESP = Stiffness_Measure, 1.0
  TARGET = MIN
END_

! ----------------------------------------------------------------
!
! Constraint: Mass_Constraint_1
!
CONSTRAINT
  ID_NAME = Mass_Constraint_1
  DRESP = Mass_DResp_1
  MAGNITUDE = REL
  LE_VALUE = 0.5
END_

! ----------------------------------------------------------------
!
! Constraint: Stress_Constraint_FOS_2_LC_1
!
CONSTRAINT
  ID_NAME = Stress_Constraint_FOS_2_LC_1
  DRESP = Stress_DResp_1_LC_1
  MAGNITUDE = ABS
  LE_VALUE = 5.74563e+07
END_

! ----------------------------------------------------------------
!
! Constraint: Stress_Constraint_FOS_3_LC_10001
!
CONSTRAINT
  ID_NAME = Stress_Constraint_FOS_3_LC_10001
  DRESP = Stress_DResp_1_LC_10001
  MAGNITUDE = ABS
  LE_VALUE = 5.74563e+07
END_

! ----------------------------------------------------------------
!
! Geometric Restriction: Frozen_ManufacConstraint_4
!
DVCON_TOPO
  ID_NAME = Frozen_ManufacConstraint_4
  EL_GROUP = FROZEN_AREA_ELEMS_GRP_1
  CHECK_TYPE = FROZEN
END_

! ----------------------------------------------------------------
!
! CS_DEF: Datum_CSys_6
!
CS_DEF
  ID_NAME = Datum_CSys_6
  CS_TYPE = RECTANGULAR
  DEF_TYPE = LOCAL
  CS_REF = CS_0
  ORIGIN_123 = 0.000000, 0.000000, 0.000000
  ROTATION_321 = 0.000000, 90.000000, 0.000000
END_

! ----------------------------------------------------------------
!
! Geometric Restriction: Symm_ManufacConstraint_5-1
!
LINK_TOPO
  ID_NAME = Symm_ManufacConstraint_5-1_LINK_
  TYPE = PLANE_SYM, AXIS_3
  CS = Datum_CSys_6 
  IGNORE_FROZEN = FALSE
END_

DVCON_TOPO
  ID_NAME = Symm_ManufacConstraint_5-1
  EL_GROUP = ALL_ELEMENTS
  CHECK_TYPE = LINK_TOPO
  CHECK_LINK = Symm_ManufacConstraint_5-1_LINK_
END_

! ----------------------------------------------------------------
!
!
! Optimize: OPTIMIZE_1_TOPOLOGY_OPTIMIZATION_CONTROLLER 
!
OPTIMIZE
  ID_NAME = OPTIMIZE_1_TOPOLOGY_OPTIMIZATION_SENSITIVITY
  DV = Task1_DESIGN_AREA
  OBJ_FUNC = StiffnessEnergy_Obj_Func
  DVCON = Frozen_ManufacConstraint_4
  DVCON = Symm_ManufacConstraint_5-1
  CONSTRAINT = Mass_Constraint_1
  CONSTRAINT = Stress_Constraint_FOS_2_LC_1
  CONSTRAINT = Stress_Constraint_FOS_3_LC_10001
  STRATEGY = TOPO_SENSITIVITY
END_

OPT_PARAM
  ID_NAME = OPTIMIZE_1_TOPOLOGY_OPTIMIZATION_SENSITIVITY_OPT_PARAM_
  OPTIMIZE = OPTIMIZE_1_TOPOLOGY_OPTIMIZATION_SENSITIVITY
  DV_UPDATE_STRATEGY = CSA
  STABILIZATION = YES
  AUTO_FROZEN = BOTH
  AUTO_FROZEN_CON = BOTH
  STOP_CRITERION_LEVEL = BOTH
  STOP_CRITERION_OBJ = 0.001
  STOP_CRITERION_DENSITY = 0.005
END_

STOP
  ID_NAME = Task-1_GLOBAL_STOP_CONDITION_
  ITER_MAX = 75
END_

